i08,212,212,162,0.00,0.00,0.00,{8,1,2,3,4,7,5,6}
i08b,186,186,448,0.00,0.00,0.00,{1,7,3,5,4,6,2,8}
i09,197,197,47,0.00,0.00,0.00,{5,3,4,6,1,7,2,9,8}
i10,2177,2177,1286,0.01,0.01,0.01,{5,8,7,4,3,1,2,10,9,6}
i10b,156,156,12959,0.01,0.04,0.04,{8,3,4,9,6,2,10,5,7,1}
i11,2965,2965,49,0.00,0.00,0.00,{1,4,5,6,8,7,11,2,10,3,9}
i12,3017,3017,446,0.00,0.00,0.00,{12,11,10,9,6,8,7,4,3,2,1,5}
i12b,302,302,444698,0.50,1.65,1.65,{10,4,6,5,9,3,1,11,7,8,12,2}
i13,24619,24619,107921,0.16,0.54,0.54,{13,1,7,3,11,4,5,9,8,10,6,2,12}
i13b,692,692,1821464,3.08,7.80,7.80,{13,2,11,4,9,6,7,8,5,10,3,12,1}
i14,458,455,19461598,30.69,54.05,60.00,{12,2,8,6,5,3,13,1,11,9,7,10,4,14}
i15,266,257,50000000,1.50,38.02,54.46,{4,8,1,9,6,10,3,11,2,12,5,13,15,14,7}
i16,729,729,137117,0.23,0.76,0.76,{5,1,6,2,9,10,14,16,15,7,13,8,3,4,12,11}
i17,834,834,1841098,9.88,10.27,10.27,{13,1,9,17,4,15,16,2,5,8,3,14,6,12,11,7,10}
i18,974,974,1242170,4.35,4.65,4.65,{5,15,16,3,2,4,14,17,12,11,13,7,9,10,6,8,1,18}
i19,1009,1009,496122,1.03,1.06,1.06,{17,5,4,1,8,7,10,2,6,14,9,18,3,15,19,16,11,12,13}
i20,1162,1086,47005905,42.53,56.79,60.00,{14,1,7,12,11,17,19,20,13,10,4,15,8,16,2,3,6,5,9,18}
i21,1102,1064,38837334,34.64,57.88,60.00,{19,4,7,15,12,14,9,16,8,2,6,20,21,5,1,3,13,17,11,10,18}
i22,1214,1148,39817289,36.67,53.49,60.00,{19,20,10,13,5,14,2,16,1,17,3,9,4,15,6,21,7,22,8,18,12,11}
i23,1340,1211,47456701,54.43,58.05,60.00,{22,4,16,21,20,1,11,9,10,23,17,6,15,5,18,8,7,2,3,19,14,12,13}
i24,1185,1099,45544530,28.60,57.28,60.00,{21,15,22,4,1,18,24,23,19,14,16,13,10,11,20,9,2,12,6,17,3,7,5,8}
i25,1829,1788,40810635,8.41,58.19,60.00,{24,15,16,5,7,18,6,19,2,3,17,8,20,4,14,25,21,1,22,9,11,13,23,12,10}
i26,1540,1511,32583103,59.73,56.86,60.00,{19,20,7,10,4,8,25,11,21,17,5,13,12,14,23,15,18,2,26,22,24,16,6,1,9,3}
i27,2072,2016,40813111,43.53,54.85,60.00,{14,9,6,12,23,24,3,13,1,16,19,7,17,25,10,26,15,21,22,2,4,5,20,8,18,27,11}
i28,2067,1872,41753208,47.22,54.68,60.00,{6,20,4,10,17,18,8,13,12,2,3,23,24,16,25,26,5,21,7,15,9,1,22,14,27,19,28,11}
i29,2333,2167,40886675,23.88,57.03,60.00,{6,7,17,12,18,23,19,21,13,9,14,27,28,8,24,1,25,2,22,4,16,15,11,29,10,20,26,5,3}
i30,2304,2017,41514554,25.59,54.33,60.00,{10,18,9,13,11,19,8,23,4,22,24,25,6,3,5,14,12,27,20,28,2,16,26,7,15,29,17,1,30,21}
