i08,212,212,84,0.00,0.00,0.00,{8,3,2,1,4,7,5,6},67.39%
i08b,186,186,219,0.00,0.00,0.00,{1,7,3,5,4,6,2,8},66.21%
i09,197,197,22,0.00,0.00,0.00,{5,3,4,6,1,7,2,9,8},0.00%
i10,2177,2177,551,0.00,0.00,0.00,{5,8,7,4,3,1,2,10,9,6},37.91%
i10b,156,156,1777,0.01,0.01,0.01,{10,7,8,1,9,5,2,4,6,3},63.40%
i11,2965,2965,0,0.00,0.00,0.00,{1,4,5,6,8,7,11,2,10,3,9},0.00%
i12,3017,3017,230,0.00,0.00,0.00,{12,11,10,9,6,8,7,4,3,2,1,5},99.22%
i12b,302,302,11316,0.27,0.30,0.30,{2,10,6,7,11,1,3,9,5,8,4,12},65.77%
i13,24619,24619,7047,0.16,0.19,0.19,{13,1,7,3,11,4,5,9,8,10,6,2,12},91.25%
i13b,692,692,21728,1.60,1.69,1.69,{13,2,11,4,9,6,7,8,5,10,3,12,1},69.32%
i14,458,458,68300,9.23,10.05,10.05,{12,2,6,4,7,13,11,1,9,3,5,8,14,10},66.93%
i15,266,262,264945,2.71,53.15,60.00,{6,8,7,9,4,10,3,11,2,12,1,13,15,14,5},70.06%
i16,729,729,8743,0.25,0.30,0.30,{5,1,6,2,9,10,14,16,15,7,13,8,3,4,12,11},59.85%
i17,834,834,36044,4.13,4.14,4.14,{13,1,9,17,4,15,16,2,10,8,6,14,3,12,11,7,5},82.06%
i18,974,974,47481,6.71,8.22,8.22,{5,15,16,3,2,4,14,17,12,11,13,7,9,10,6,8,1,18},60.28%
i19,1009,1009,8453,0.15,0.29,0.29,{17,5,4,1,8,7,10,2,6,14,9,18,3,15,19,16,11,12,13},1.96%
i20,1180,1066,103863,54.24,57.16,60.00,{12,1,11,6,7,16,20,10,9,17,4,14,19,15,2,3,8,13,5,18},81.52%
i21,1110,1054,98974,35.22,56.85,60.00,{19,4,14,15,12,8,7,16,6,2,13,20,21,5,1,3,11,17,9,10,18},92.88%
i22,1264,1127,106818,37.07,52.75,60.00,{19,20,18,10,11,12,2,15,1,16,3,8,4,13,14,21,7,22,6,17,9,5},98.32%
i23,1350,1204,91632,31.35,58.47,60.00,{14,9,21,15,22,1,17,4,10,16,23,5,11,6,19,8,7,2,3,20,12,18,13},92.66%
i24,1185,1096,87313,43.43,54.18,60.01,{21,15,22,2,1,18,24,23,19,14,16,5,11,9,20,10,4,12,6,17,8,7,13,3},93.46%
i25,1842,1772,94970,40.16,56.35,60.01,{24,15,16,5,7,17,6,18,2,3,8,10,19,4,14,25,20,1,21,11,9,13,22,12,23},99.55%
i26,1559,1502,91873,54.40,49.07,60.00,{18,19,8,5,4,13,25,7,20,16,6,11,10,21,23,14,17,2,26,22,24,15,9,1,12,3},100.00%
i27,2091,2004,92739,12.28,52.94,60.00,{13,9,4,18,23,24,3,10,1,14,19,12,15,25,6,26,11,21,22,2,8,5,20,16,17,27,7},99.89%
i28,2088,1853,92814,51.02,56.42,60.01,{6,20,7,11,16,17,8,9,12,2,3,23,24,15,25,26,5,21,4,14,18,1,22,13,27,19,28,10},98.67%
i29,2367,2148,92548,58.26,59.80,60.02,{10,20,17,12,18,23,19,21,13,8,14,26,27,6,9,1,24,2,22,4,16,15,11,28,29,5,25,7,3},99.86%
i30,2359,2000,85292,26.88,54.63,60.01,{13,18,17,11,10,19,8,23,4,22,24,25,7,5,3,14,12,27,20,28,2,16,26,6,15,29,9,1,30,21},99.87%
