i08,212,212,150,0.00,0.00,0.00,{8,1,3,2,4,7,5,6},66.77%
i08b,186,186,448,0.00,0.00,0.00,{1,7,3,5,4,6,2,8},63.85%
i09,197,197,24,0.00,0.00,0.00,{5,3,4,6,1,7,2,9,8},0.00%
i10,2177,2177,1179,0.00,0.01,0.01,{5,8,7,4,3,1,2,10,9,6},34.52%
i10b,156,156,12959,0.02,0.05,0.05,{8,3,4,9,6,2,10,5,7,1},60.86%
i11,2965,2916,0,0.00,0.00,0.00,{1,4,5,6,8,7,11,2,10,3,9},0.00%
i12,3017,3017,446,0.00,0.00,0.00,{12,11,10,9,6,8,7,4,3,2,1,5},99.08%
i12b,302,302,444698,0.59,1.92,1.92,{10,4,6,5,9,3,1,11,7,8,12,2},64.33%
i13,24619,24619,107921,0.19,0.63,0.63,{13,1,7,3,11,4,5,9,8,10,6,2,12},81.99%
i13b,692,692,1821464,3.61,9.07,9.07,{13,2,11,4,9,6,7,8,5,10,3,12,1},68.06%
i14,458,454,18829131,35.97,51.88,60.00,{12,2,8,6,5,3,13,1,11,9,7,10,4,14},67.70%
i15,266,257,46846970,1.79,44.75,60.00,{4,8,1,9,6,10,3,11,2,12,5,13,15,14,7},72.78%
i16,729,729,137117,0.29,0.92,0.92,{5,1,6,2,9,10,14,16,15,7,13,8,3,4,12,11},52.81%
i17,834,834,1841098,12.11,12.59,12.59,{13,1,9,17,4,15,16,2,5,8,3,14,6,12,11,7,10},73.47%
i18,974,974,835879,1.57,5.11,5.11,{1,15,16,3,2,4,14,17,12,11,13,7,9,10,6,8,5,18},61.51%
i19,1009,1009,93763,0.07,1.05,1.05,{17,5,4,1,8,7,10,2,6,14,9,18,3,15,19,16,11,12,13},2.49%
i20,1162,1084,38852404,51.61,55.52,60.00,{14,1,7,12,11,17,19,20,13,10,4,15,8,16,2,3,6,5,9,18},70.46%
i21,1102,1062,33213241,41.55,53.65,60.00,{19,4,7,15,12,14,9,16,8,2,6,20,21,5,1,3,13,17,11,10,18},87.19%
i22,1214,1147,33501256,44.96,57.71,60.00,{19,20,10,13,5,14,2,16,1,17,3,9,4,15,6,21,7,22,8,18,12,11},97.25%
i23,1341,1209,38045146,58.66,57.46,60.00,{12,7,15,22,20,1,21,10,13,23,17,6,11,4,18,16,5,2,3,19,14,8,9},72.14%
i24,1185,1097,36309109,36.09,52.91,60.00,{21,15,22,4,1,18,24,23,19,14,16,13,10,11,20,9,2,12,6,17,3,7,5,8},91.41%
i25,1829,1786,32551128,10.72,56.65,60.00,{24,15,16,5,7,18,6,19,2,3,17,8,20,4,14,25,21,1,22,9,11,13,23,12,10},97.67%
i26,1544,1510,26796047,45.22,57.53,60.00,{18,19,7,10,4,8,25,11,20,13,5,14,12,21,23,15,17,2,26,22,24,16,6,1,9,3},100.00%
i27,2072,2015,33301402,53.52,56.23,60.00,{14,9,6,12,23,24,3,13,1,16,19,7,17,25,10,26,15,21,22,2,4,5,20,8,18,27,11},98.67%
i28,2067,1870,32986675,59.84,55.77,60.00,{6,20,4,10,17,18,8,13,12,2,3,23,24,16,25,26,5,21,7,15,9,1,22,14,27,19,28,11},96.90%
i29,2333,2165,32139407,30.45,56.06,60.00,{6,7,17,12,18,23,19,21,13,9,14,27,28,8,24,1,25,2,22,4,16,15,11,29,10,20,26,5,3},98.95%
i30,2304,2015,32172704,33.12,56.58,60.00,{10,18,9,13,11,19,8,23,4,22,24,25,6,3,5,14,12,27,20,28,2,16,26,7,15,29,17,1,30,21},99.99%
