i08,212,212,150,0.00,0.00,0.00,{8,1,3,2,4,7,5,6},66.77%
i08b,186,186,448,0.00,0.00,0.00,{1,7,3,5,4,6,2,8},63.85%
i09,197,197,24,0.00,0.00,0.00,{5,3,4,6,1,7,2,9,8},0.00%
i10,2177,2177,1179,0.00,0.00,0.00,{5,8,7,4,3,1,2,10,9,6},34.52%
i10b,156,156,12959,0.01,0.02,0.02,{8,3,4,9,6,2,10,5,7,1},60.86%
i11,2965,2965,0,0.00,0.00,0.00,{1,4,5,6,8,7,11,2,10,3,9},0.00%
i12,3017,3017,446,0.00,0.00,0.00,{12,11,10,9,6,8,7,4,3,2,1,5},99.08%
i12b,302,302,444698,0.22,0.72,0.72,{10,4,6,5,9,3,1,11,7,8,12,2},64.33%
i13,24619,24619,107921,0.07,0.22,0.22,{13,1,7,3,11,4,5,9,8,10,6,2,12},81.99%
i13b,692,692,1821464,1.44,3.55,3.55,{13,2,11,4,9,6,7,8,5,10,3,12,1},68.06%
i14,458,458,20496926,13.67,42.60,42.60,{12,2,8,6,5,3,13,1,11,9,7,10,4,14},66.12%
i15,266,259,110149601,0.67,55.70,60.00,{4,8,1,9,6,10,3,11,2,12,5,13,15,14,7},75.56%
i16,729,729,137117,0.10,0.30,0.30,{5,1,6,2,9,10,14,16,15,7,13,8,3,4,12,11},52.81%
i17,834,834,1841098,3.84,3.99,3.99,{13,1,9,17,4,15,16,2,5,8,3,14,6,12,11,7,10},73.47%
i18,974,974,835879,0.51,1.57,1.57,{1,15,16,3,2,4,14,17,12,11,13,7,9,10,6,8,5,18},61.51%
i19,1009,1009,93763,0.03,0.30,0.30,{17,5,4,1,8,7,10,2,6,14,9,18,3,15,19,16,11,12,13},2.49%
i20,1149,1094,106345690,52.71,59.21,60.00,{13,1,7,6,9,17,12,20,11,18,4,15,10,16,2,3,8,14,5,19},69.10%
i21,1095,1071,80083404,48.71,57.21,60.00,{20,4,7,15,10,12,9,16,8,2,6,21,13,5,1,3,11,18,17,14,19},84.70%
i22,1214,1156,96502097,13.72,56.01,60.00,{19,20,10,13,5,14,2,16,1,17,3,9,4,15,6,21,7,22,8,18,12,11},96.68%
i23,1305,1219,121152047,33.19,55.77,60.00,{15,7,21,16,22,1,18,10,9,17,23,6,13,4,19,8,5,2,3,20,14,12,11},66.44%
i24,1182,1106,122762155,46.31,59.90,60.00,{21,16,22,4,1,14,24,23,19,15,17,13,10,11,20,9,2,12,6,18,3,7,5,8},88.14%
i25,1816,1795,78320838,52.72,53.08,60.00,{24,16,17,5,9,18,6,19,2,3,12,8,20,4,15,25,21,1,22,7,11,14,23,13,10},97.40%
i26,1535,1516,73640518,29.86,55.27,60.00,{19,20,7,10,4,8,25,11,21,12,5,13,17,15,23,14,18,2,26,22,24,16,6,1,9,3},100.00%
i27,2065,2022,108097399,23.32,58.16,60.00,{13,8,4,9,23,24,3,10,1,15,19,6,16,25,11,26,14,21,22,2,7,5,20,17,18,27,12},98.04%
i28,2038,1882,118314354,53.29,55.83,60.00,{10,20,4,11,17,18,7,14,13,2,3,23,24,16,25,26,9,21,5,6,8,1,22,15,27,19,28,12},96.27%
i29,2322,2175,114267171,30.68,57.02,60.00,{6,7,17,13,18,23,19,21,14,10,15,27,28,8,24,1,25,2,22,4,9,16,12,29,11,20,26,5,3},98.57%
i30,2284,2028,123670218,42.89,59.93,60.00,{14,19,18,13,12,20,8,23,4,22,24,25,6,3,5,15,10,27,9,28,2,17,26,7,16,29,11,1,30,21},99.98%
