100 4950
1 2 187
1 3 81
1 4 429
1 5 522
1 6 165
1 7 374
1 8 65
1 9 279
1 10 354
1 11 217
1 12 309
1 13 331
1 14 265
1 15 45
1 16 283
1 17 314
1 18 496
1 19 201
1 20 473
1 21 341
1 22 428
1 23 334
1 24 203
1 25 403
1 26 548
1 27 89
1 28 508
1 29 581
1 30 140
1 31 528
1 32 149
1 33 314
1 34 528
1 35 120
1 36 358
1 37 475
1 38 85
1 39 289
1 40 32
1 41 120
1 42 73
1 43 283
1 44 451
1 45 434
1 46 86
1 47 268
1 48 412
1 49 414
1 50 479
1 51 202
1 52 521
1 53 409
1 54 194
1 55 457
1 56 260
1 57 490
1 58 312
1 59 516
1 60 514
1 61 234
1 62 330
1 63 302
1 64 457
1 65 337
1 66 32
1 67 140
1 68 88
1 69 498
1 70 21
1 71 272
1 72 98
1 73 383
1 74 221
1 75 324
1 76 154
1 77 465
1 78 358
1 79 275
1 80 309
1 81 547
1 82 593
1 83 514
1 84 68
1 85 382
1 86 164
1 87 477
1 88 304
1 89 163
1 90 388
1 91 283
1 92 324
1 93 268
1 94 188
1 95 523
1 96 412
1 97 185
1 98 303
1 99 153
1 100 272
2 3 262
2 4 338
2 5 439
2 6 33
2 7 425
2 8 124
2 9 426
2 10 169
2 11 46
2 12 273
2 13 389
2 14 295
2 15 179
2 16 307
2 17 178
2 18 469
2 19 362
2 20 431
2 21 296
2 22 311
2 23 472
2 24 273
2 25 334
2 26 463
2 27 242
2 28 415
2 29 481
2 30 97
2 31 424
2 32 246
2 33 191
2 34 464
2 35 303
2 36 336
2 37 394
2 38 181
2 39 420
2 40 156
2 41 86
2 42 131
2 43 312
2 44 313
2 45 326
2 46 213
2 47 165
2 48 297
2 49 369
2 50 442
2 51 23
2 52 347
2 53 429
2 54 52
2 55 376
2 56 416
2 57 464
2 58 397
2 59 349
2 60 364
2 61 257
2 62 451
2 63 356
2 64 341
2 65 484
2 66 154
2 67 192
2 68 142
2 69 459
2 70 205
2 71 423
2 72 267
2 73 249
2 74 193
2 75 410
2 76 118
2 77 428
2 78 241
2 79 92
2 80 363
2 81 418
2 82 514
2 83 390
2 84 231
2 85 402
2 86 71
2 87 370
2 88 236
2 89 252
2 90 314
2 91 286
2 92 170
2 93 388
2 94 32
2 95 354
2 96 250
2 97 68
2 98 298
2 99 117
2 100 176
3 4 455
3 5 542
3 6 236
3 7 342
3 8 145
3 9 206
3 10 425
3 11 287
3 12 323
3 13 298
3 14 254
3 15 86
3 16 272
3 17 365
3 18 492
3 19 125
3 20 477
3 21 354
3 22 466
3 23 263
3 24 183
3 25 422
3 26 567
3 27 50
3 28 532
3 29 605
3 30 221
3 31 556
3 32 129
3 33 360
3 34 539
3 35 41
3 36 360
3 37 495
3 38 107
3 39 223
3 40 113
3 41 185
3 42 154
3 43 270
3 44 496
3 45 468
3 46 80
3 47 313
3 48 449
3 49 422
3 50 480
3 51 279
3 52 582
3 53 389
3 54 274
3 55 478
3 56 184
3 57 486
3 58 268
3 59 574
3 60 562
3 61 233
3 62 266
3 63 275
3 64 493
3 65 263
3 66 111
3 67 207
3 68 167
3 69 499
3 70 60
3 71 197
3 72 30
3 73 429
3 74 245
3 75 278
3 76 201
3 77 467
3 78 399
3 79 346
3 80 280
3 81 586
3 82 608
3 83 551
3 84 41
3 85 364
3 86 226
3 87 507
3 88 330
3 89 210
3 90 410
3 91 282
3 92 381
3 93 209
3 94 267
3 95 581
3 96 469
3 97 247
3 98 304
3 99 201
3 100 314
4 5 100
4 6 323
4 7 297
4 8 404
4 9 477
4 10 298
4 11 296
4 12 140
4 13 299
4 14 240
4 15 387
4 16 229
4 17 169
4 18 183
4 19 468
4 20 134
4 21 114
4 22 66
4 23 488
4 24 301
4 25 50
4 26 125
4 27 406
4 28 79
4 29 151
4 30 427
4 31 100
4 32 338
4 33 150
4 34 132
4 35 485
4 36 146
4 37 56
4 38 352
4 39 442
4 40 418
4 41 327
4 42 425
4 43 236
4 44 122
4 45 42
4 46 374
4 47 175
4 48 64
4 49 101
4 50 151
4 51 352
4 52 276
4 53 244
4 54 389
4 55 40
4 56 491
4 57 183
4 58 347
4 59 241
4 60 179
4 61 237
4 62 442
4 63 281
4 64 65
4 65 514
4 66 409
4 67 513
4 68 447
4 69 159
4 70 433
4 71 485
4 72 436
4 73 120
4 74 211
4 75 355
4 76 278
4 77 140
4 78 103
4 79 295
4 80 284
4 81 149
4 82 175
4 83 113
4 84 415
4 85 233
4 86 293
4 87 56
4 88 125
4 89 566
4 90 48
4 91 199
4 92 196
4 93 407
4 94 370
4 95 252
4 96 195
4 97 280
4 98 182
4 99 279
4 100 166
5 6 423
5 7 326
5 8 501
5 9 536
5 10 387
5 11 396
5 12 219
5 13 341
5 14 306
5 15 479
5 16 292
5 17 268
5 18 152
5 19 539
5 20 113
5 21 187
5 22 144
5 23 537
5 24 374
5 25 120
5 26 25
5 27 492
5 28 32
5 29 71
5 30 527
5 31 59
5 32 418
5 33 249
5 34 57
5 35 569
5 36 197
5 37 47
5 38 443
5 39 496
5 40 514
5 41 425
5 42 523
5 43 298
5 44 184
5 45 120
5 46 462
5 47 275
5 48 151
5 49 131
5 50 127
5 51 452
5 52 326
5 53 261
5 54 489
5 55 65
5 56 554
5 57 155
5 58 394
5 59 287
5 60 213
5 61 313
5 62 489
5 63 332
5 64 122
5 65 565
5 66 505
5 67 612
5 68 546
5 69 122
5 70 525
5 71 545
5 72 520
5 73 210
5 74 301
5 75 399
5 76 375
5 77 125
5 78 201
5 79 392
5 80 333
5 81 144
5 82 74
5 83 122
5 84 502
5 85 260
5 86 392
5 87 85
5 88 219
5 89 664
5 90 134
5 91 268
5 92 292
5 93 464
5 94 471
5 95 297
5 96 272
5 97 380
5 98 247
5 99 376
5 100 266
6 7 393
6 8 107
6 9 394
6 10 189
6 11 52
6 12 247
6 13 357
6 14 263
6 15 151
6 16 276
6 17 171
6 18 444
6 19 332
6 20 408
6 21 272
6 22 302
6 23 439
6 24 239
6 25 314
6 26 448
6 27 213
6 28 401
6 29 469
6 30 104
6 31 413
6 32 213
6 33 180
6 34 445
6 35 277
6 36 310
6 37 377
6 38 150
6 39 387
6 40 137
6 41 55
6 42 120
6 43 280
6 44 310
6 45 315
6 46 182
6 47 148
6 48 287
6 49 346
6 50 419
6 51 56
6 52 358
6 53 399
6 54 79
6 55 360
6 56 385
6 57 440
6 58 364
6 59 358
6 60 365
6 61 225
6 62 418
6 63 324
6 64 332
6 65 452
6 66 133
6 67 194
6 68 135
6 69 436
6 70 182
6 71 392
6 72 239
6 73 244
6 74 164
6 75 377
6 76 86
6 77 404
6 78 230
6 79 110
6 80 331
6 81 413
6 82 498
6 83 383
6 84 203
6 85 372
6 86 39
6 87 359
6 88 214
6 89 252
6 90 295
6 91 256
6 92 170
6 93 355
6 94 60
6 95 363
6 96 255
6 97 43
6 98 269
6 99 85
6 100 157
7 8 397
7 9 236
7 10 499
7 11 407
7 12 194
7 13 44
7 14 130
7 15 331
7 16 118
7 17 359
7 18 201
7 19 273
7 20 217
7 21 199
7 22 353
7 23 220
7 24 172
7 25 247
7 26 343
7 27 297
7 28 337
7 29 397
7 30 465
7 31 372
7 32 225
7 33 337
7 34 290
7 35 348
7 36 153
7 37 296
7 38 295
7 39 191
7 40 387
7 41 353
7 42 421
7 43 113
7 44 409
7 45 335
7 46 288
7 47 310
7 48 341
7 49 202
7 50 208
7 51 448
7 52 556
7 53 70
7 54 471
7 55 288
7 56 262
7 57 195
7 58 87
7 59 527
7 60 474
7 61 168
7 62 171
7 63 72
7 64 362
7 65 249
7 66 377
7 67 510
7 68 445
7 69 223
7 70 364
7 71 248
7 72 313
7 73 370
7 74 235
7 75 85
7 76 307
7 77 204
7 78 331
7 79 448
7 80 66
7 81 443
7 82 362
7 83 408
7 84 318
7 85 66
7 86 354
7 87 350
7 88 246
7 89 537
7 90 255
7 91 147
7 92 395
7 93 169
7 94 453
7 95 537
7 96 449
7 97 360
7 98 145
7 99 308
7 100 300
8 9 334
8 10 294
8 11 160
8 12 299
8 13 355
8 14 276
8 15 77
8 16 293
8 17 270
8 18 494
8 19 260
8 20 465
8 21 329
8 22 394
8 23 387
8 24 226
8 25 384
8 26 527
8 27 141
8 28 483
8 29 554
8 30 80
8 31 500
8 32 179
8 33 275
8 34 514
8 35 185
8 36 354
8 37 454
8 38 104
8 39 339
8 40 32
8 41 77
8 42 24
8 43 295
8 44 410
8 45 403
8 46 123
8 47 233
8 48 378
8 49 404
8 50 473
8 51 138
8 52 466
8 53 422
8 54 129
8 55 436
8 56 318
8 57 488
8 58 346
8 59 465
8 60 469
8 61 241
8 62 377
8 63 324
8 64 423
8 65 393
8 66 34
8 67 118
8 68 49
8 69 492
8 70 85
8 71 328
8 72 158
8 73 342
8 74 207
8 75 358
8 76 126
8 77 459
8 78 322
8 79 215
8 80 331
8 81 510
8 82 574
8 83 478
8 84 123
8 85 394
8 86 117
8 87 447
8 88 282
8 89 163
8 90 367
8 91 285
8 92 275
8 93 314
8 94 123
8 95 470
8 96 362
8 97 137
8 98 304
8 99 125
8 100 240
9 10 564
9 11 434
9 12 339
9 13 203
9 14 237
9 15 258
9 16 248
9 17 459
9 18 433
9 19 82
9 20 439
9 21 363
9 22 514
9 23 57
9 24 188
9 25 431
9 26 557
9 27 193
9 28 538
9 29 607
9 30 415
9 31 570
9 32 185
9 33 445
9 34 512
9 35 184
9 36 340
9 37 497
9 38 244
9 39 44
9 40 308
9 41 339
9 42 351
9 43 241
9 44 561
9 45 505
9 46 215
9 47 400
9 48 498
9 49 404
9 50 434
9 51 448
9 52 683
9 53 303
9 54 454
9 55 484
9 56 32
9 57 426
9 58 150
9 59 664
9 60 630
9 61 248
9 62 80
9 63 205
9 64 534
9 65 58
9 66 302
9 67 413
9 68 368
9 69 451
9 70 259
9 71 14
9 72 182
9 73 503
9 74 309
9 75 150
9 76 323
9 77 427
9 78 464
9 79 492
9 80 205
9 81 626
9 82 586
9 83 589
9 84 212
9 85 290
9 86 367
9 87 534
9 88 375
9 89 413
9 90 429
9 91 278
9 92 487
9 93 72
9 94 442
9 95 673
9 96 566
9 97 385
9 98 295
9 99 324
9 100 395
10 11 138
10 12 309
10 13 474
10 14 378
10 15 339
10 16 383
10 17 144
10 18 471
10 19 511
10 20 425
10 21 318
10 22 243
10 23 602
10 24 386
10 25 319
10 26 408
10 27 398
10 28 357
10 29 405
10 30 255
10 31 352
10 32 379
10 33 168
10 34 430
10 35 466
10 36 368
10 37 352
10 38 331
10 39 548
10 40 325
10 41 240
10 42 300
10 43 390
10 44 214
10 45 267
10 46 364
10 47 188
10 48 237
10 49 371
10 50 440
10 51 160
10 52 187
10 53 479
10 54 188
10 55 339
10 56 560
10 57 469
10 58 498
10 59 200
10 60 239
10 61 345
10 62 572
10 63 443
10 64 267
10 65 619
10 66 322
10 67 349
10 68 309
10 69 452
10 70 372
10 71 564
10 72 426
10 73 178
10 74 272
10 75 511
10 76 241
10 77 426
10 78 199
10 79 79
10 80 449
10 81 314
10 82 458
10 83 298
10 84 390
10 85 455
10 86 202
10 87 304
10 88 258
10 89 411
10 90 299
10 91 352
10 92 109
10 93 513
10 94 181
10 95 201
10 96 125
10 97 182
10 98 354
10 99 241
10 100 198
11 12 242
11 13 375
11 14 278
11 15 201
11 16 288
11 17 132
11 18 434
11 19 376
11 20 394
11 21 263
11 22 266
11 23 476
11 24 268
11 25 295
11 26 420
11 27 260
11 28 371
11 29 436
11 30 143
11 31 379
11 32 250
11 33 147
11 34 423
11 35 328
11 36 306
11 37 352
11 38 195
11 39 424
11 40 189
11 41 102
11 42 171
11 43 294
11 44 267
11 45 282
11 46 228
11 47 126
11 48 252
11 49 333
11 50 407
11 51 56
11 52 306
11 53 405
11 54 93
11 55 334
11 56 428
11 57 430
11 58 389
11 59 307
11 60 318
11 61 241
11 62 452
11 63 342
11 64 295
11 65 491
11 66 186
11 67 237
11 68 184
11 69 423
11 70 234
11 71 433
11 72 288
11 73 203
11 74 172
11 75 402
11 76 112
11 77 392
11 78 196
11 79 59
11 80 349
11 81 372
11 82 471
11 83 344
11 84 252
11 85 378
11 86 67
11 87 325
11 88 201
11 89 298
11 90 274
11 91 264
11 92 124
11 93 390
11 94 75
11 95 312
11 96 205
11 97 50
11 98 273
11 99 112
11 100 137
12 13 179
12 14 102
12 15 264
12 16 95
12 17 167
12 18 198
12 19 328
12 20 166
12 21 31
12 22 176
12 23 354
12 24 160
12 25 100
12 26 243
12 27 272
12 28 211
12 29 284
12 30 343
12 31 239
12 32 200
12 33 144
12 34 219
12 35 350
12 36 63
12 37 173
12 38 226
12 39 306
12 40 305
12 41 229
12 42 323
12 43 103
12 44 226
12 45 166
12 46 243
12 47 125
12 48 161
12 49 105
12 50 175
12 51 293
12 52 365
12 53 169
12 54 325
12 55 156
12 56 351
12 57 193
12 58 220
12 59 339
12 60 295
12 61 97
12 62 312
12 63 154
12 64 194
12 65 379
12 66 295
12 67 416
12 68 347
12 69 193
12 70 310
12 71 346
12 72 301
12 73 179
12 74 91
12 75 230
12 76 175
12 77 160
12 78 138
12 79 270
12 80 159
12 81 287
12 82 286
12 83 250
12 84 284
12 85 146
12 86 208
12 87 197
12 88 52
12 89 461
12 90 92
12 91 61
12 92 203
12 93 270
12 94 305
12 95 349
12 96 256
12 97 205
12 98 50
12 99 177
12 100 113
13 14 97
13 15 288
13 16 91
13 17 339
13 18 229
13 19 233
13 20 237
13 21 191
13 22 349
13 23 196
13 24 129
13 25 249
13 26 359
13 27 253
13 28 347
13 29 412
13 30 425
13 31 382
13 32 181
13 33 318
13 34 311
13 35 304
13 36 153
13 37 306
13 38 252
13 39 160
13 40 344
13 41 314
13 42 379
13 43 84
13 44 403
13 45 334
13 46 245
13 47 287
13 48 336
13 49 211
13 50 232
13 51 412
13 52 545
13 53 101
13 54 435
13 55 296
13 56 227
13 57 223
13 58 54
13 59 519
13 60 470
13 61 133
13 62 148
13 63 33
13 64 362
13 65 224
13 66 334
13 67 467
13 68 403
13 69 248
13 70 319
13 71 215
13 72 269
13 73 359
13 74 205
13 75 58
13 76 271
13 77 225
13 78 318
13 79 419
13 80 26
13 81 448
13 82 384
13 83 412
13 84 273
13 85 86
13 86 318
13 87 354
13 88 229
13 89 493
13 90 253
13 91 124
13 92 374
13 93 133
13 94 417
13 95 528
13 96 435
13 97 326
13 98 128
13 99 272
13 100 277
14 15 219
14 16 18
14 17 246
14 18 237
14 19 233
14 20 225
14 21 125
14 22 278
14 23 253
14 24 72
14 25 194
14 26 329
14 27 204
14 28 304
14 29 376
14 30 339
14 31 335
14 32 125
14 33 227
14 34 292
14 35 273
14 36 111
14 37 264
14 38 180
14 39 204
14 40 271
14 41 225
14 42 300
14 43 18
14 44 327
14 45 268
14 46 183
14 47 191
14 48 262
14 49 177
14 50 226
14 51 318
14 52 460
14 53 145
14 54 342
14 55 249
14 56 251
14 57 231
14 58 124
14 59 437
14 60 396
14 61 38
14 62 211
14 63 65
14 64 296
14 65 277
14 66 261
14 67 392
14 68 325
14 69 245
14 70 258
14 71 244
14 72 228
14 73 275
14 74 107
14 75 136
14 76 177
14 77 215
14 78 235
14 79 321
14 80 71
14 81 388
14 82 364
14 83 351
14 84 220
14 85 118
14 86 224
14 87 296
14 88 143
14 89 427
14 90 191
14 91 40
14 92 280
14 93 168
14 94 323
14 95 446
14 96 347
14 97 230
14 98 59
14 99 178
14 100 182
15 16 237
15 17 282
15 18 450
15 19 186
15 20 428
15 21 296
15 22 390
15 23 309
15 24 159
15 25 359
15 26 505
15 27 65
15 28 466
15 29 539
15 30 157
15 31 487
15 32 107
15 33 280
15 34 483
15 35 127
15 36 312
15 37 432
15 38 39
15 39 262
15 40 57
15 41 98
15 42 97
15 43 237
15 44 417
15 45 395
15 46 47
15 47 233
15 48 374
15 49 369
15 50 433
15 51 198
15 52 496
15 53 364
15 54 198
15 55 414
15 56 243
15 57 444
15 58 273
15 59 489
15 60 481
15 61 188
15 62 300
15 63 259
15 64 418
15 65 317
15 66 48
15 67 179
15 68 118
15 69 452
15 70 46
15 71 252
15 72 88
15 73 349
15 74 177
15 75 285
15 76 119
15 77 420
15 78 321
15 79 260
15 80 265
15 81 510
15 82 549
15 83 476
15 84 52
15 85 337
15 86 139
15 87 436
15 88 261
15 89 208
15 90 345
15 91 237
15 92 296
15 93 236
15 94 188
15 95 496
15 96 384
15 97 161
15 98 257
15 99 118
15 100 235
16 17 248
16 18 219
16 19 248
16 20 208
16 21 115
16 22 271
16 23 259
16 24 89
16 25 182
16 26 314
16 27 222
16 28 291
16 29 362
16 30 355
16 31 322
16 32 143
16 33 228
16 34 275
16 35 291
16 36 95
16 37 250
16 38 198
16 39 212
16 40 289
16 41 240
16 42 318
16 43 7
16 44 322
16 45 259
16 46 202
16 47 195
16 48 256
16 49 161
16 50 209
16 51 330
16 52 458
16 53 128
16 54 355
16 55 236
16 56 263
16 57 213
16 58 125
16 59 434
16 60 390
16 61 52
16 62 216
16 63 61
16 64 287
16 65 285
16 66 279
16 67 410
16 68 342
16 69 227
16 70 277
16 71 256
16 72 246
16 73 272
16 74 116
16 75 136
16 76 191
16 77 197
16 78 232
16 79 330
16 80 67
16 81 378
16 82 348
16 83 341
16 84 239
16 85 101
16 86 236
16 87 286
16 88 141
16 89 445
16 90 181
16 91 34
16 92 283
16 93 177
16 94 336
16 95 443
16 96 346
16 97 242
16 98 47
16 99 192
16 100 186
17 18 330
17 19 421
17 20 285
17 21 173
17 22 133
17 23 488
17 24 271
17 25 180
17 26 291
17 27 324
17 28 241
17 29 304
17 30 273
17 31 247
17 32 281
17 33 24
17 34 301
17 35 402
17 36 224
17 37 226
17 38 258
17 39 436
17 40 293
17 41 195
17 42 287
17 43 256
17 44 139
17 45 150
17 46 289
17 47 58
17 48 120
17 49 228
17 50 300
17 51 188
17 52 225
17 53 335
17 54 225
17 55 209
17 56 462
17 57 327
17 58 370
17 59 210
17 60 200
17 61 219
17 62 453
17 63 310
17 64 163
17 65 509
17 66 286
17 67 365
17 68 306
17 69 313
17 70 325
17 71 462
17 72 355
17 73 72
17 74 150
17 75 383
17 76 163
17 77 285
17 78 66
17 79 125
17 80 315
17 81 242
17 82 342
17 83 212
17 84 324
17 85 313
17 86 153
17 87 193
17 88 114
17 89 423
17 90 159
17 91 215
17 92 36
17 93 399
17 94 208
17 95 218
17 96 108
17 97 133
17 98 214
17 99 164
17 100 65
18 19 456
18 20 49
18 21 172
18 22 250
18 23 421
18 24 309
18 25 152
18 26 160
18 27 441
18 28 176
18 29 216
18 30 541
18 31 210
18 32 363
18 33 307
18 34 101
18 35 510
18 36 139
18 37 147
18 38 410
18 39 389
18 40 497
18 41 427
18 42 518
18 43 222
18 44 304
18 45 224
18 46 419
18 47 309
18 48 247
18 49 102
18 50 32
18 51 488
18 52 457
18 53 131
18 54 521
18 55 150
18 56 456
18 57 6
18 58 282
18 59 421
18 60 352
18 61 262
18 62 372
18 63 233
18 64 242
18 65 450
18 66 487
18 67 612
18 68 543
18 69 30
18 70 492
18 71 444
18 72 465
18 73 300
18 74 288
18 75 284
18 76 373
18 77 45
18 78 272
18 79 451
18 80 231
18 81 293
18 82 167
18 83 266
18 84 457
18 85 143
18 86 406
18 87 213
18 88 233
18 89 654
18 90 172
18 91 213
18 92 363
18 93 362
18 94 501
18 95 431
18 96 378
18 97 402
18 98 192
18 99 374
18 100 297
19 20 453
19 21 356
19 22 496
19 23 139
19 24 167
19 25 426
19 26 562
19 27 120
19 28 537
19 29 609
19 30 340
19 31 566
19 32 140
19 33 410
19 34 523
19 35 102
19 36 343
19 37 497
19 38 181
19 39 108
19 40 231
19 41 276
19 42 274
19 43 242
19 44 537
19 45 491
19 46 149
19 47 363
19 48 479
19 49 410
19 50 452
19 51 383
19 52 646
19 53 334
19 54 385
19 55 482
19 56 58
19 57 450
19 58 187
19 59 631
19 60 606
19 61 231
19 62 152
19 63 222
19 64 518
19 65 137
19 66 226
19 67 332
19 68 290
19 69 470
19 70 181
19 71 72
19 72 103
19 73 474
19 74 277
19 75 193
19 76 271
19 77 442
19 78 438
19 79 435
19 80 225
19 81 612
19 82 596
19 83 575
19 84 136
19 85 315
19 86 309
19 87 524
19 88 354
19 89 331
19 90 420
19 91 272
19 92 446
19 93 108
19 94 374
19 95 639
19 96 529
19 97 329
19 98 292
19 99 271
19 100 360
20 21 137
20 22 201
20 23 433
20 24 297
20 25 105
20 26 127
20 27 426
20 28 132
20 29 182
20 30 508
20 31 168
20 32 348
20 33 262
20 34 73
20 35 498
20 36 116
20 37 100
20 38 388
20 39 397
20 40 471
20 41 395
20 42 490
20 43 212
20 44 256
20 45 175
20 46 401
20 47 268
20 48 198
20 49 62
20 50 16
20 51 449
20 52 408
20 53 149
20 54 483
20 55 102
20 56 460
20 57 48
20 58 291
20 59 372
20 60 304
20 61 243
20 62 384
20 63 234
20 64 193
20 65 462
20 66 461
20 67 582
20 68 514
20 69 28
20 70 472
20 71 449
20 72 452
20 73 252
20 74 258
20 75 295
20 76 342
20 77 12
20 78 225
20 79 408
20 80 234
20 81 249
20 82 147
20 83 220
20 84 440
20 85 152
20 86 372
20 87 166
20 88 194
20 89 627
20 90 126
20 91 194
20 92 317
20 93 367
20 94 464
20 95 383
20 96 329
20 97 365
20 98 172
20 99 343
20 100 257
21 22 157
21 23 375
21 24 189
21 25 70
21 26 212
21 27 304
21 28 181
21 29 254
21 30 370
21 31 210
21 32 231
21 33 149
21 34 187
21 35 381
21 36 50
21 37 142
21 38 258
21 39 328
21 40 336
21 41 257
21 42 352
21 43 123
21 44 211
21 45 144
21 46 275
21 47 140
21 48 144
21 49 75
21 50 147
21 51 315
21 52 356
21 53 163
21 54 348
21 55 126
21 56 377
21 57 168
21 58 236
21 59 328
21 60 278
21 61 126
21 62 330
21 63 170
21 64 172
21 65 401
21 66 326
21 67 445
21 68 376
21 69 165
21 70 341
21 71 370
21 72 333
21 73 172
21 74 121
21 75 246
21 76 204
21 77 132
21 78 133
21 79 285
21 80 174
21 81 263
21 82 254
21 83 226
21 84 315
21 85 143
21 86 234
21 87 170
21 88 62
21 89 491
21 90 65
21 91 85
21 92 209
21 93 293
21 94 329
21 95 338
21 96 251
21 97 229
21 98 68
21 99 205
21 100 128
22 23 530
22 24 330
22 25 110
22 26 165
22 27 420
22 28 114
22 29 171
22 30 405
22 31 114
22 32 359
22 33 121
22 34 189
22 35 500
22 36 200
22 37 112
22 38 360
22 39 482
22 40 413
22 41 316
22 42 413
22 43 278
22 44 57
22 45 26
22 46 386
22 47 161
22 48 17
22 49 165
22 50 217
22 51 321
22 52 210
22 53 306
22 54 358
22 55 102
22 56 525
22 57 249
22 58 394
22 59 177
22 60 120
22 61 267
22 62 487
22 63 328
22 64 30
22 65 555
22 66 405
22 67 496
22 68 433
22 69 225
22 70 436
22 71 520
22 72 451
22 73 66
22 74 223
22 75 404
22 76 274
22 77 206
22 78 72
22 79 253
22 80 331
22 81 120
22 82 215
22 83 85
22 84 425
22 85 292
22 86 278
22 87 62
22 88 141
22 89 552
22 90 98
22 91 237
22 92 151
22 93 446
22 94 341
22 95 187
22 96 131
22 97 261
22 98 224
22 99 275
22 100 155
23 24 217
23 25 439
23 26 556
23 27 246
23 28 542
23 29 608
23 30 467
23 31 576
23 32 226
23 33 472
23 34 507
23 35 241
23 36 344
23 37 501
23 38 292
23 39 53
23 40 361
23 41 385
23 42 404
23 43 252
23 44 580
23 45 519
23 46 265
23 47 430
23 48 515
23 49 406
23 50 427
23 51 494
23 52 710
23 53 290
23 54 503
23 55 489
23 56 86
23 57 415
23 58 143
23 59 688
23 60 649
23 61 271
23 62 49
23 63 207
23 64 547
23 65 29
23 66 355
23 67 469
23 68 422
23 69 442
23 70 314
23 71 69
23 72 237
23 73 526
23 74 338
23 75 138
23 76 364
23 77 421
23 78 486
23 79 532
23 80 205
23 81 637
23 82 580
23 83 600
23 84 266
23 85 280
23 86 409
23 87 544
23 88 395
23 89 471
23 90 440
23 91 293
23 92 519
23 93 89
23 94 490
23 95 698
23 96 594
23 97 426
23 98 306
23 99 364
23 100 423
24 25 259
24 26 398
24 27 134
24 28 370
24 29 442
24 30 298
24 31 399
24 32 55
24 33 256
24 34 363
24 35 201
24 36 182
24 37 330
24 38 123
24 39 164
24 40 215
24 41 191
24 42 250
24 43 87
24 44 374
24 45 324
24 46 118
24 47 213
24 48 313
24 49 247
24 50 298
24 51 296
24 52 495
24 53 207
24 54 314
24 55 315
24 56 195
24 57 303
24 58 124
24 59 475
24 60 443
24 61 63
24 62 186
24 63 99
24 64 351
24 65 237
24 66 205
24 67 338
24 68 273
24 69 317
24 70 194
24 71 192
24 72 156
24 73 314
24 74 121
24 75 138
24 76 156
24 77 287
24 78 276
24 79 319
24 80 106
24 81 445
24 82 435
24 83 408
24 84 152
24 85 181
24 86 204
24 87 357
24 88 188
24 89 366
24 90 252
24 91 106
24 92 301
24 93 128
24 94 297
24 95 484
24 96 378
24 97 217
24 98 127
24 99 156
24 100 207
25 26 145
25 27 372
25 28 111
25 29 184
25 30 417
25 31 140
25 32 300
25 33 157
25 34 130
25 35 450
25 36 96
25 37 73
25 38 323
25 39 394
25 40 395
25 41 310
25 42 407
25 43 189
25 44 167
25 45 89
25 46 342
25 47 169
25 48 102
25 49 55
25 50 120
25 51 350
25 52 320
25 53 196
25 54 386
25 55 56
25 56 446
25 57 150
25 58 298
25 59 287
25 60 227
25 61 196
25 62 393
25 63 232
25 64 115
25 65 466
25 66 386
25 67 498
25 68 430
25 69 133
25 70 405
25 71 438
25 72 401
25 73 149
25 74 182
25 75 306
25 76 258
25 77 107
25 78 120
25 79 304
25 80 235
25 81 199
25 82 190
25 83 162
25 84 382
25 85 183
25 86 280
25 87 105
25 88 102
25 89 548
25 90 21
25 91 154
25 92 212
25 93 359
25 94 366
25 95 297
25 96 229
25 97 270
25 98 135
25 99 259
25 100 158
26 27 516
26 28 51
26 29 56
26 30 552
26 31 66
26 32 443
26 33 274
26 34 59
26 35 593
26 36 219
26 37 72
26 38 468
26 39 516
26 40 539
26 41 450
26 42 549
26 43 320
26 44 201
26 45 142
26 46 487
26 47 300
26 48 173
26 49 153
26 50 138
26 51 477
26 52 337
26 53 276
26 54 514
26 55 90
26 56 576
26 57 164
26 58 413
26 59 298
26 60 223
26 61 337
26 62 508
26 63 352
26 64 141
26 65 584
26 66 530
26 67 638
26 68 571
26 69 130
26 70 551
26 71 566
26 72 545
26 73 231
26 74 327
26 75 418
26 76 400
26 77 139
26 78 225
26 79 415
26 80 353
26 81 147
26 82 50
26 83 132
26 84 527
26 85 277
26 86 418
26 87 104
26 88 245
26 89 690
26 90 160
26 91 291
26 92 314
26 93 485
26 94 495
26 95 307
26 96 290
26 97 405
26 98 270
26 99 402
26 100 291
27 28 482
27 29 556
27 30 222
27 31 507
27 32 78
27 33 318
27 34 488
27 35 80
27 36 309
27 37 445
27 38 67
27 39 200
27 40 115
27 41 158
27 42 157
27 43 220
27 44 452
27 45 420
27 46 35
27 47 270
27 48 403
27 49 372
27 50 429
27 51 262
27 52 545
27 53 340
27 54 264
27 55 428
27 56 177
27 57 435
27 58 228
27 59 535
27 60 519
27 61 182
27 62 241
27 63 228
27 64 446
27 65 252
27 66 108
27 67 229
27 68 176
27 69 448
27 70 71
27 71 187
27 72 31
27 73 386
27 74 197
27 75 239
27 76 163
27 77 417
27 78 354
27 79 320
27 80 234
27 81 540
27 82 557
27 83 504
27 84 21
27 85 315
27 86 195
27 87 459
27 88 282
27 89 243
27 90 361
27 91 231
27 92 343
27 93 179
27 94 253
27 95 542
27 96 431
27 97 216
27 98 253
27 99 163
27 100 270
28 29 73
28 30 506
28 31 35
28 32 411
28 33 224
28 34 87
28 35 560
28 36 198
28 37 41
28 38 430
28 39 500
28 40 497
28 41 406
28 42 505
28 43 297
28 44 152
28 45 92
28 46 451
28 47 254
28 48 123
28 49 136
28 50 148
28 51 428
28 52 294
28 53 274
28 54 465
28 55 55
28 56 555
28 57 178
28 58 399
28 59 256
28 60 182
28 61 307
28 62 495
28 63 335
28 64 90
28 65 570
28 66 489
28 67 592
28 68 527
28 69 146
28 70 512
28 71 547
28 72 512
28 73 180
28 74 288
28 75 406
28 76 358
28 77 143
28 78 175
28 79 365
28 80 337
28 81 117
28 82 101
28 83 92
28 84 492
28 85 271
28 86 372
28 87 54
28 88 204
28 89 646
28 90 121
28 91 265
28 92 264
28 93 466
28 94 447
28 95 266
28 96 241
28 97 358
28 98 245
28 99 359
28 100 245
29 30 573
29 31 56
29 32 485
29 33 289
29 34 115
29 35 634
29 36 267
29 37 112
29 38 504
29 39 568
29 40 570
29 41 477
29 42 576
29 43 368
29 44 191
29 45 154
29 46 525
29 47 323
29 48 183
29 49 202
29 50 194
29 51 492
29 52 309
29 53 331
29 54 529
29 55 128
29 56 625
29 57 219
29 58 465
29 59 270
29 60 196
29 61 380
29 62 561
29 63 403
29 64 142
29 65 636
29 66 561
29 67 662
29 68 597
29 69 186
29 70 585
29 71 616
29 72 585
29 73 237
29 74 362
29 75 471
29 76 430
29 77 195
29 78 239
29 79 423
29 80 404
29 81 112
29 82 72
29 83 110
29 84 565
29 85 332
29 86 441
29 87 110
29 88 277
29 89 716
29 90 195
29 91 337
29 92 321
29 93 535
29 94 511
29 95 279
29 96 282
29 97 427
29 98 317
29 99 431
29 100 315
30 31 517
30 32 256
30 33 284
30 34 548
30 35 260
30 36 403
30 37 481
30 38 181
30 39 419
30 40 109
30 41 116
30 42 67
30 43 358
30 44 410
30 45 419
30 46 203
30 47 252
30 48 390
30 49 445
30 50 518
30 51 96
30 52 439
30 53 483
30 54 68
30 55 463
30 56 399
30 57 536
30 58 421
30 59 444
30 60 461
30 61 302
30 62 457
30 63 393
30 64 435
30 65 474
30 66 113
30 67 95
30 68 61
30 69 535
30 70 161
30 71 409
30 72 237
30 73 345
30 74 254
30 75 434
30 76 169
30 77 503
30 78 334
30 79 183
30 80 400
30 81 514
30 82 602
30 83 486
30 84 204
30 85 455
30 86 136
30 87 463
30 88 315
30 89 157
30 90 398
30 91 341
30 92 267
30 93 393
30 94 75
30 95 448
30 96 346
30 97 147
30 98 358
30 99 167
30 100 261
31 32 438
31 33 233
31 34 116
31 35 586
31 36 231
31 37 75
31 38 453
31 39 532
31 40 516
31 41 422
31 42 521
31 43 329
31 44 139
31 45 97
31 46 475
31 47 267
31 48 127
31 49 170
31 50 183
31 51 435
31 52 271
31 53 310
31 54 472
31 55 86
31 56 586
31 57 212
31 58 433
31 59 232
31 60 157
31 61 336
31 62 529
31 63 369
31 64 85
31 65 603
31 66 507
31 67 606
31 68 542
31 69 180
31 70 533
31 71 578
31 72 537
31 73 180
31 74 311
31 75 440
31 76 376
31 77 179
31 78 183
31 79 367
31 80 371
31 81 84
31 82 109
31 83 66
31 84 515
31 85 306
31 86 386
31 87 53
31 88 226
31 89 661
31 90 147
31 91 295
31 92 265
31 93 499
31 94 455
31 95 241
31 96 230
31 97 371
31 98 276
31 99 377
31 100 260
32 33 270
32 34 412
32 35 150
32 36 232
32 37 373
32 38 75
32 39 174
32 40 164
32 41 160
32 42 202
32 43 141
32 44 398
32 45 356
32 46 63
32 47 223
32 48 342
32 49 295
32 50 351
32 51 268
32 52 506
32 53 263
32 54 281
32 55 357
32 56 183
32 57 356
32 58 166
32 59 491
32 60 466
32 61 105
32 62 206
32 63 154
32 64 383
32 65 241
32 66 155
32 67 287
32 68 224
32 69 370
32 70 138
32 71 185
32 72 103
32 73 334
32 74 137
32 75 179
32 76 138
32 77 338
32 78 298
32 79 306
32 80 160
32 81 477
32 82 482
32 83 441
32 84 96
32 85 237
32 86 183
32 87 393
32 88 217
32 89 312
32 90 291
32 91 154
32 92 306
32 93 142
32 94 266
32 95 499
32 96 389
32 97 200
32 98 176
32 99 138
32 100 220
33 34 280
33 35 397
33 36 200
33 37 206
33 38 253
33 39 420
33 40 295
33 41 198
33 42 293
33 43 235
33 44 137
33 45 135
33 46 283
33 47 48
33 48 106
33 49 205
33 50 276
33 51 203
33 52 238
33 53 312
33 54 240
33 55 189
33 56 449
33 57 304
33 58 351
33 59 220
33 60 201
33 61 201
33 62 435
33 63 289
33 64 151
33 65 494
33 66 288
33 67 375
33 68 313
33 69 290
33 70 324
33 71 448
33 72 349
33 73 69
33 74 136
33 75 363
33 76 161
33 77 262
33 78 50
33 79 146
33 80 295
33 81 235
33 82 324
33 83 204
33 84 320
33 85 289
33 86 157
33 87 179
33 88 91
33 89 431
33 90 136
33 91 194
33 92 59
33 93 383
33 94 222
33 95 229
33 96 122
33 97 140
33 98 192
33 99 162
33 100 50
34 35 562
34 36 181
34 37 77
34 38 445
34 39 470
34 40 523
34 41 440
34 42 537
34 43 280
34 44 236
34 45 164
34 46 461
34 47 298
34 48 193
34 49 116
34 50 82
34 51 480
34 52 381
34 53 221
34 54 515
34 55 91
34 56 532
34 57 105
34 58 364
34 59 343
34 60 270
34 61 306
34 62 458
34 63 307
34 64 172
34 65 535
34 66 513
34 67 628
34 68 560
34 69 71
34 70 529
34 71 522
34 72 515
34 73 251
34 74 308
34 75 369
34 76 387
34 77 85
34 78 235
34 79 427
34 80 307
34 81 201
34 82 74
34 83 179
34 84 501
34 85 226
34 86 411
34 87 137
34 88 232
34 89 677
34 90 150
34 91 258
34 92 329
34 93 440
34 94 496
34 95 353
34 96 320
34 97 401
34 98 236
34 99 389
34 100 288
35 36 382
35 37 523
35 38 144
35 39 208
35 40 152
35 41 225
35 42 193
35 43 288
35 44 532
35 45 500
35 46 114
35 47 349
35 48 483
35 49 446
35 50 500
35 51 320
35 52 621
35 53 400
35 54 314
35 55 506
35 56 158
35 57 503
35 58 268
35 59 612
35 60 599
35 61 256
35 62 252
35 63 285
35 64 526
35 65 238
35 66 151
35 67 236
35 68 203
35 69 518
35 70 99
35 71 173
35 72 49
35 73 465
35 74 277
35 75 277
35 76 240
35 77 488
35 78 434
35 79 387
35 80 290
35 81 620
35 82 633
35 83 584
35 84 78
35 85 376
35 86 266
35 87 539
35 88 361
35 89 230
35 90 439
35 91 304
35 92 420
35 93 200
35 94 307
35 95 619
35 96 507
35 97 287
35 98 326
35 99 239
35 100 350
36 37 157
36 38 273
36 39 301
36 40 357
36 41 288
36 42 379
36 43 101
36 44 256
36 45 182
36 46 284
36 47 187
36 48 188
36 49 66
36 50 121
36 51 357
36 52 404
36 53 112
36 54 388
36 55 145
36 56 357
36 57 134
36 58 202
36 59 374
36 60 320
36 61 127
36 62 298
36 63 137
36 64 210
36 65 371
36 66 347
36 67 472
36 68 403
36 69 140
36 70 355
36 71 348
36 72 335
36 73 221
36 74 149
36 75 210
36 76 235
36 77 108
36 78 183
36 79 332
36 80 139
36 81 295
36 82 253
36 83 259
36 84 323
36 85 93
36 86 271
36 87 201
36 88 111
36 89 514
36 90 102
36 91 77
36 92 260
36 93 268
36 94 368
36 95 384
36 96 301
36 97 268
36 98 55
36 99 236
36 100 175
37 38 396
37 39 458
37 40 466
37 41 378
37 42 476
37 43 257
37 44 162
37 45 86
37 46 415
37 47 229
37 48 115
37 49 95
37 50 116
37 51 408
37 52 312
37 53 235
37 54 445
37 55 18
37 56 514
37 57 148
37 58 358
37 59 275
37 60 205
37 61 268
37 62 454
37 63 294
37 64 98
37 65 528
37 66 457
37 67 566
37 68 499
37 69 118
37 70 478
37 71 506
37 72 474
37 73 174
37 74 254
37 75 365
37 76 328
37 77 109
37 78 159
37 79 351
37 80 296
37 81 151
37 82 120
37 83 120
37 84 456
37 85 230
37 86 346
37 87 66
37 88 172
37 89 617
37 90 87
37 91 225
37 92 252
37 93 425
37 94 426
37 95 285
37 96 243
37 97 334
37 98 205
37 99 329
37 100 220
38 39 242
38 40 92
38 41 95
38 42 127
38 43 198
38 44 389
38 45 362
38 46 33
38 47 205
38 48 343
38 49 330
38 50 394
38 51 203
38 52 478
38 53 325
38 54 210
38 55 378
38 56 235
38 57 405
38 58 241
38 59 468
38 60 455
38 61 149
38 62 277
38 63 222
38 64 387
38 65 303
38 66 82
38 67 215
38 68 151
38 69 413
38 70 83
38 71 241
38 72 97
38 73 322
38 74 142
38 75 254
38 76 96
38 77 381
38 78 292
38 79 254
38 80 228
38 81 480
38 82 512
38 83 444
38 84 66
38 85 298
38 86 129
38 87 403
38 88 227
38 89 247
38 90 309
38 91 197
38 92 276
38 93 213
38 94 197
38 95 475
38 96 364
38 97 149
38 98 218
38 99 95
38 100 207
39 40 315
39 41 333
39 42 357
39 43 205
39 44 531
39 45 472
39 46 216
39 47 377
39 48 466
39 49 365
39 50 392
39 51 442
39 52 658
39 53 259
39 54 453
39 55 446
39 56 74
39 57 383
39 58 106
39 59 637
39 60 600
39 61 219
39 62 43
39 63 164
39 64 500
39 65 74
39 66 308
39 67 428
39 68 377
39 69 408
39 70 271
39 71 58
39 72 196
39 73 475
39 74 285
39 75 105
39 76 311
39 77 385
39 78 435
39 79 479
39 80 163
39 81 591
39 82 544
39 83 554
39 84 221
39 85 246
39 86 357
39 87 498
39 88 345
39 89 434
39 90 393
39 91 244
39 92 466
39 93 36
39 94 439
39 95 646
39 96 542
39 97 373
39 98 259
39 99 311
39 100 371
40 41 98
40 42 43
40 43 290
40 44 432
40 45 420
40 46 103
40 47 252
40 48 396
40 49 411
40 50 478
40 51 170
40 52 495
40 53 417
40 54 161
40 55 448
40 56 290
40 57 491
40 58 330
40 59 492
40 60 493
40 61 238
40 62 354
40 63 315
40 64 442
40 65 366
40 66 10
40 67 123
40 68 62
40 69 496
40 70 53
40 71 301
40 72 128
40 73 364
40 74 215
40 75 342
40 76 140
40 77 464
40 78 341
40 79 246
40 80 321
40 81 531
40 82 586
40 83 498
40 84 95
40 85 389
40 86 141
40 87 463
40 88 294
40 89 157
40 90 379
40 91 285
40 92 301
40 93 292
40 94 156
40 95 498
40 96 388
40 97 162
40 98 305
40 99 138
40 100 257
41 42 98
41 43 243
41 44 334
41 45 326
41 46 127
41 47 156
41 48 300
41 49 333
41 50 404
41 51 109
41 52 400
41 53 367
41 54 122
41 55 360
41 56 330
41 57 421
41 58 316
41 59 396
41 60 394
41 61 187
41 62 366
41 63 282
41 64 346
41 65 397
41 66 92
41 67 188
41 68 121
41 69 422
41 70 135
41 71 336
41 72 185
41 73 266
41 74 139
41 75 329
41 76 53
41 77 390
41 78 244
41 79 162
41 80 289
41 81 433
41 82 498
41 83 401
41 84 150
41 85 339
41 86 43
41 87 369
41 88 207
41 89 239
41 90 292
41 91 225
41 92 203
41 93 302
41 94 106
41 95 402
41 96 291
41 97 64
41 98 241
41 99 52
41 100 162
42 43 319
42 44 427
42 45 424
42 46 144
42 47 253
42 48 398
42 49 428
42 50 498
42 51 141
42 52 477
42 53 446
42 54 125
42 55 458
42 56 333
42 57 513
42 58 368
42 59 478
42 60 484
42 61 265
42 62 396
42 63 348
42 64 443
42 65 409
42 66 49
42 67 93
42 68 24
42 69 516
42 70 94
42 71 344
42 72 171
42 73 360
42 74 231
42 75 381
42 76 149
42 77 483
42 78 341
42 79 223
42 80 355
42 81 529
42 82 597
42 83 497
42 84 138
42 85 419
42 86 136
42 87 467
42 88 305
42 89 140
42 90 390
42 91 310
42 92 290
42 93 333
42 94 123
42 95 483
42 96 375
42 97 154
42 98 328
42 99 148
42 100 260
43 44 330
43 45 267
43 46 201
43 47 203
43 48 264
43 49 167
43 50 212
43 51 335
43 52 466
43 53 127
43 54 359
43 55 243
43 56 257
43 57 215
43 58 117
43 59 442
43 60 398
43 61 56
43 62 209
43 63 53
43 64 295
43 65 278
43 66 280
43 67 411
43 68 344
43 69 231
43 70 276
43 71 249
43 72 243
43 73 280
43 74 122
43 75 128
43 76 195
43 77 201
43 78 239
43 79 336
43 80 59
43 81 386
43 82 353
43 83 349
43 84 237
43 85 99
43 86 241
43 87 293
43 88 149
43 89 445
43 90 188
43 91 42
43 92 290
43 93 170
43 94 341
43 95 451
43 96 354
43 97 247
43 98 54
43 99 196
43 100 193
44 45 80
44 46 418
44 47 184
44 48 67
44 49 222
44 50 272
44 51 319
44 52 153
44 53 363
44 54 356
44 55 154
44 56 570
44 57 304
44 58 446
44 59 119
44 60 69
44 61 312
44 62 538
44 63 380
44 64 64
44 65 605
44 66 425
44 67 504
44 68 445
44 69 278
44 70 461
44 71 566
44 72 484
44 73 68
44 74 260
44 75 457
44 76 298
44 77 262
44 78 99
44 79 241
44 80 385
44 81 105
44 82 248
44 83 83
44 84 455
44 85 348
44 86 292
44 87 99
44 88 186
44 89 562
44 90 155
44 91 288
44 92 143
44 93 494
44 94 340
44 95 130
44 96 91
44 97 273
44 98 276
44 99 299
44 100 182
45 46 387
45 47 170
45 48 31
45 49 142
45 50 192
45 51 338
45 52 234
45 53 285
45 54 375
45 55 76
45 56 517
45 57 224
45 58 381
45 59 199
45 60 138
45 61 260
45 62 475
45 63 314
45 64 28
45 65 545
45 66 412
45 67 508
45 68 444
45 69 199
45 70 441
45 71 512
45 72 451
45 73 89
45 74 223
45 75 390
45 76 281
45 77 181
45 78 85
45 79 273
45 80 318
45 81 121
45 82 193
45 83 84
45 84 427
45 85 272
45 86 288
45 87 44
45 88 139
45 89 563
45 90 81
45 91 227
45 92 171
45 93 436
45 94 357
45 95 210
45 96 157
45 97 273
45 98 212
45 99 282
45 100 163
46 47 235
46 48 369
46 49 345
46 50 405
46 51 234
46 52 510
46 53 325
46 54 239
46 55 398
46 56 203
46 57 413
46 58 227
46 59 499
46 60 484
46 61 157
46 62 253
46 63 217
46 64 412
46 65 274
46 66 95
46 67 225
46 68 165
46 69 424
46 70 75
46 71 211
46 72 66
46 73 351
46 74 164
46 75 239
46 76 128
46 77 392
46 78 319
46 79 287
46 80 223
46 81 506
46 82 529
46 83 470
46 84 40
46 85 299
46 86 162
46 87 426
46 88 249
46 89 248
46 90 330
46 91 207
46 92 308
46 93 190
46 94 227
46 95 507
46 96 395
46 97 182
46 98 228
46 99 128
46 100 235
47 48 144
47 49 207
47 50 281
47 51 181
47 52 283
47 53 294
47 54 217
47 55 212
47 56 403
47 57 305
47 58 315
47 59 268
47 60 249
47 61 162
47 62 395
47 63 256
47 64 190
47 65 450
47 66 244
47 67 339
47 68 274
47 69 297
47 70 277
47 71 403
47 72 301
47 73 116
47 74 92
47 75 327
47 76 114
47 77 266
47 78 89
47 79 145
47 80 262
47 81 279
47 82 350
47 83 245
47 84 272
47 85 269
47 86 118
47 87 214
47 88 77
47 89 393
47 90 148
47 91 163
47 92 89
47 93 341
47 94 197
47 95 276
47 96 166
47 97 104
47 98 166
47 99 115
47 100 12
48 49 157
48 50 214
48 51 308
48 52 218
48 53 296
48 54 345
48 55 102
48 56 509
48 57 246
48 58 380
48 59 186
48 60 134
48 61 251
48 62 473
48 63 314
48 64 45
48 65 540
48 66 388
48 67 481
48 68 418
48 69 223
48 70 419
48 71 504
48 72 434
48 73 58
48 74 206
48 75 390
48 76 257
48 77 203
48 78 56
48 79 242
48 80 318
48 81 137
48 82 224
48 83 102
48 84 408
48 85 281
48 86 262
48 87 73
48 88 125
48 89 537
48 90 87
48 91 222
48 92 140
48 93 430
48 94 327
48 95 197
48 96 131
48 97 245
48 98 210
48 99 259
48 100 139
49 50 73
49 51 387
49 52 375
49 53 145
49 54 421
49 55 86
49 56 423
49 57 99
49 58 263
49 59 342
49 60 280
49 61 189
49 62 359
49 63 200
49 64 166
49 65 434
49 66 401
49 67 521
49 68 452
49 69 90
49 70 414
49 71 414
49 72 399
49 73 204
49 74 196
49 75 270
49 76 280
49 77 59
49 78 173
49 79 349
49 80 202
49 81 241
49 82 187
49 83 207
49 84 385
49 85 136
49 86 309
49 87 149
49 88 132
49 89 566
49 90 73
49 91 141
49 92 262
49 93 332
49 94 402
49 95 352
49 96 284
49 97 303
49 98 120
49 99 281
49 100 195
50 51 461
50 52 425
50 53 139
50 54 495
50 55 119
50 56 456
50 57 31
50 58 286
50 59 389
50 60 321
50 61 247
50 62 378
50 63 231
50 64 210
50 65 455
50 66 468
50 67 591
50 68 522
50 69 18
50 70 477
50 71 445
50 72 454
50 73 268
50 74 266
50 75 289
50 76 351
50 77 14
50 78 240
50 79 422
50 80 230
50 81 265
50 82 154
50 83 236
50 84 444
50 85 146
50 86 382
50 87 182
50 88 206
50 89 635
50 90 141
50 91 198
50 92 332
50 93 363
50 94 475
50 95 399
50 96 345
50 97 376
50 98 176
50 99 352
50 100 269
51 52 343
51 53 451
51 54 37
51 55 391
51 56 437
51 57 484
51 58 420
51 59 348
51 60 367
51 61 280
51 62 474
51 63 379
51 64 351
51 65 506
51 66 170
51 67 191
51 68 148
51 69 477
51 70 221
51 71 444
51 72 286
51 73 258
51 74 215
51 75 434
51 76 141
51 77 446
51 78 253
51 79 87
51 80 386
51 81 425
51 82 527
51 83 398
51 84 250
51 85 424
51 86 94
51 87 382
51 88 255
51 89 253
51 90 330
51 91 308
51 92 176
51 93 411
51 94 21
51 95 352
51 96 251
51 97 89
51 98 320
51 99 141
51 100 192
52 53 514
52 54 373
52 55 306
52 56 687
52 57 457
52 58 584
52 59 39
52 60 114
52 61 438
52 62 672
52 63 519
52 64 215
52 65 732
52 66 490
52 67 534
52 68 489
52 69 430
52 70 535
52 71 686
52 72 576
52 73 186
52 74 374
52 75 595
52 76 382
52 77 415
52 78 227
52 79 256
52 80 524
52 81 198
52 82 378
52 83 205
52 84 543
52 85 498
52 86 357
52 87 246
52 88 317
52 89 596
52 90 306
52 91 424
52 92 202
52 93 621
52 94 364
52 95 30
52 96 116
52 97 336
52 98 416
52 99 382
52 100 288
53 54 479
53 55 229
53 56 329
53 57 125
53 58 153
53 59 482
53 60 424
53 61 181
53 62 241
53 63 114
53 64 310
53 65 319
53 66 407
53 67 538
53 68 471
53 69 153
53 70 401
53 71 315
53 72 360
53 73 333
53 74 235
53 75 154
53 76 316
53 77 136
53 78 296
53 79 438
53 80 110
53 81 385
53 82 293
53 83 352
53 84 359
53 85 27
53 86 359
53 87 293
53 88 221
53 89 572
53 90 208
53 91 143
53 92 371
53 93 235
53 94 460
53 95 493
53 96 414
53 97 362
53 98 131
53 99 318
53 100 282
54 55 427
54 56 442
54 57 517
54 58 438
54 59 380
54 60 402
54 61 304
54 62 487
54 63 402
54 64 388
54 65 513
54 66 163
54 67 161
54 68 127
54 69 511
54 70 214
54 71 450
54 72 285
54 73 295
54 74 243
54 75 452
54 76 164
54 77 480
54 78 290
54 79 120
54 80 409
54 81 461
54 82 564
54 83 435
54 84 249
54 85 451
54 86 119
54 87 419
54 88 289
54 89 223
54 90 365
54 91 335
54 92 212
54 93 423
54 94 19
54 95 384
54 96 286
54 97 119
54 98 349
54 99 163
54 100 228
55 56 500
55 57 150
55 58 347
55 59 270
55 60 202
55 61 252
55 62 443
55 63 282
55 64 91
55 65 517
55 66 439
55 67 548
55 68 481
55 69 123
55 70 460
55 71 492
55 72 458
55 73 160
55 74 236
55 75 354
55 76 310
55 77 110
55 78 144
55 79 335
55 80 284
55 81 156
55 82 138
55 83 123
55 84 439
55 85 222
55 86 328
55 87 65
55 88 154
55 89 599
55 90 69
55 91 210
55 92 237
55 93 412
55 94 408
55 95 280
55 96 233
55 97 316
55 98 190
55 99 311
55 100 202
56 57 450
56 58 175
56 59 670
56 60 639
56 61 258
56 62 112
56 63 225
56 64 545
56 65 80
56 66 285
56 67 391
56 68 349
56 69 474
56 70 240
56 71 18
56 72 162
56 73 510
56 74 313
56 75 177
56 76 319
56 77 448
56 78 472
56 79 486
56 80 226
56 81 639
56 82 606
56 83 601
56 84 195
56 85 313
56 86 361
56 87 548
56 88 384
56 89 388
56 90 442
56 91 292
56 92 489
56 93 94
56 94 430
56 95 678
56 96 570
56 97 379
56 98 310
56 99 319
56 100 399
57 58 276
57 59 421
57 60 352
57 61 256
57 62 366
57 63 227
57 64 242
57 65 444
57 66 481
57 67 606
57 68 537
57 69 33
57 70 487
57 71 438
57 72 459
57 73 298
57 74 282
57 75 278
57 76 368
57 77 43
57 78 270
57 79 448
57 80 225
57 81 295
57 82 172
57 83 268
57 84 451
57 85 136
57 86 402
57 87 214
57 88 229
57 89 648
57 90 170
57 91 207
57 92 361
57 93 356
57 94 497
57 95 431
57 96 376
57 97 397
57 98 186
57 99 369
57 100 293
58 59 559
58 60 514
58 61 153
58 62 95
58 63 66
58 64 409
58 65 171
58 66 321
58 67 452
58 68 391
58 69 302
58 70 298
58 71 162
58 72 238
58 73 397
58 74 226
58 75 13
58 76 279
58 77 279
58 78 357
58 79 438
58 80 63
58 81 497
58 82 438
58 83 460
58 84 249
58 85 140
58 86 327
58 87 403
58 88 266
58 89 472
58 90 300
58 91 160
58 92 404
58 93 82
58 94 422
58 95 569
58 96 471
58 97 338
58 98 170
58 99 280
58 100 306
59 60 75
59 61 417
59 62 649
59 63 494
59 64 179
59 65 711
59 66 487
59 67 540
59 68 491
59 69 393
59 70 530
59 71 668
59 72 566
59 73 162
59 74 356
59 75 570
59 76 372
59 77 380
59 78 202
59 79 261
59 80 498
59 81 159
59 82 339
59 83 166
59 84 534
59 85 467
59 86 352
59 87 208
59 88 293
59 89 601
59 90 274
59 91 399
59 92 193
59 93 601
59 94 369
59 95 10
59 96 104
59 97 331
59 98 390
59 99 373
59 100 271
60 61 382
60 62 607
60 63 448
60 64 113
60 65 674
60 66 486
60 67 556
60 68 501
60 69 323
60 70 525
60 71 636
60 72 551
60 73 133
60 74 329
60 75 524
60 76 362
60 77 312
60 78 168
60 79 283
60 80 452
60 81 86
60 82 264
60 83 91
60 84 522
60 85 411
60 86 352
60 87 138
60 88 255
60 89 616
60 90 218
60 91 356
60 92 195
60 93 563
60 94 389
60 95 84
60 96 117
60 97 331
60 98 344
60 99 363
60 100 249
61 62 234
61 63 101
61 64 288
61 65 294
61 66 228
61 67 358
61 68 290
61 69 266
61 70 230
61 71 253
61 72 209
61 73 255
61 74 73
61 75 166
61 76 139
61 77 234
61 78 216
61 79 286
61 80 107
61 81 382
61 82 376
61 83 345
61 84 196
61 85 153
61 86 186
61 87 293
61 88 126
61 89 395
61 90 189
61 91 49
61 92 251
61 93 183
61 94 285
61 95 426
61 96 323
61 97 192
61 98 71
61 99 140
61 100 154
62 63 161
62 64 503
62 65 78
62 66 347
62 67 469
62 68 416
62 69 393
62 70 312
62 71 94
62 72 238
62 73 486
62 74 304
62 75 89
62 76 339
62 77 372
62 78 446
62 79 505
62 80 158
62 81 592
62 82 531
62 83 555
62 84 262
62 85 232
62 86 386
62 87 498
62 88 355
62 89 476
62 90 395
62 91 250
62 92 484
62 93 63
62 94 472
62 95 658
62 96 557
62 97 401
62 98 263
62 99 339
62 100 388
63 64 342
63 65 234
63 66 305
63 67 438
63 68 372
63 69 248
63 70 292
63 71 215
63 72 246
63 73 333
63 74 173
63 75 76
63 76 238
63 77 222
63 78 292
63 79 386
63 80 7
63 81 431
63 82 381
63 83 394
63 84 248
63 85 92
63 86 285
63 87 337
63 88 202
63 89 466
63 90 234
63 91 95
63 92 344
63 93 133
63 94 384
63 95 504
63 96 407
63 97 293
63 98 104
63 99 239
63 100 246
64 65 573
64 66 434
64 67 526
64 68 463
64 69 215
64 70 464
64 71 540
64 72 477
64 73 94
64 74 249
64 75 418
64 76 303
64 77 201
64 78 102
64 79 281
64 80 346
64 81 94
64 82 190
64 83 58
64 84 452
64 85 299
64 86 307
64 87 36
64 88 165
64 89 582
64 90 108
64 91 255
64 92 179
64 93 464
64 94 371
64 95 189
64 96 150
64 97 291
64 98 240
64 99 304
64 100 184
65 66 360
65 67 470
65 68 426
65 69 471
65 70 317
65 71 65
65 72 240
65 73 549
65 74 358
65 75 166
65 76 379
65 77 449
65 78 510
65 79 548
65 80 232
65 81 663
65 82 609
65 83 627
65 84 270
65 85 309
65 86 424
65 87 570
65 88 419
65 89 468
65 90 466
65 91 318
65 92 539
65 93 110
65 94 500
65 95 720
65 96 616
65 97 441
65 98 332
65 99 380
65 100 444
66 67 132
66 68 70
66 69 487
66 70 51
66 71 295
66 72 123
66 73 357
66 74 205
66 75 333
66 76 131
66 77 454
66 78 333
66 79 243
66 80 311
66 81 523
66 82 576
66 83 490
66 84 90
66 85 379
66 86 135
66 87 455
66 88 285
66 89 167
66 90 370
66 91 275
66 92 295
66 93 284
66 94 156
66 95 493
66 96 383
66 97 156
66 98 295
66 99 130
66 100 249
67 68 68
67 69 609
67 70 157
67 71 404
67 72 232
67 73 438
67 74 324
67 75 464
67 76 241
67 77 576
67 78 424
67 79 279
67 80 444
67 81 608
67 82 686
67 83 578
67 84 207
67 85 511
67 86 220
67 87 552
67 88 396
67 89 62
67 90 480
67 91 403
67 92 362
67 93 408
67 94 170
67 95 544
67 96 442
67 97 235
67 98 422
67 99 239
67 100 347
68 69 540
68 70 109
68 71 360
68 72 186
68 73 378
68 74 256
68 75 403
68 76 172
68 77 508
68 78 361
68 79 233
68 80 379
68 81 548
68 82 619
68 83 517
68 84 156
68 85 443
68 86 156
68 87 488
68 88 328
68 89 118
68 90 413
68 91 334
68 92 306
68 93 354
68 94 129
68 95 496
68 96 390
68 97 173
68 98 353
68 99 171
68 100 282
69 70 496
69 71 462
69 72 473
69 73 278
69 74 284
69 75 305
69 76 369
69 77 32
69 78 252
69 79 436
69 80 247
69 81 263
69 82 140
69 83 237
69 84 463
69 85 162
69 86 399
69 87 185
69 88 222
69 89 653
69 90 154
69 91 217
69 92 345
69 93 380
69 94 492
69 95 403
69 96 354
69 97 393
69 98 195
69 99 370
69 100 285
70 71 252
70 72 77
70 73 393
70 74 223
70 75 310
70 76 163
70 77 463
70 78 366
70 79 293
70 80 298
70 81 556
70 82 595
70 83 521
70 84 50
70 85 375
70 86 177
70 87 482
70 88 308
70 89 174
70 90 391
70 91 279
70 92 337
70 93 251
70 94 208
70 95 536
70 96 425
70 97 199
70 98 300
70 99 162
70 100 281
71 72 174
71 73 507
71 74 312
71 75 162
71 76 323
71 77 437
71 78 469
71 79 490
71 80 215
71 81 633
71 82 596
71 83 596
71 84 205
71 85 301
71 86 365
71 87 541
71 88 380
71 89 403
71 90 436
71 91 285
71 92 489
71 93 82
71 94 438
71 95 677
71 96 569
71 97 384
71 98 303
71 99 323
71 100 398
72 73 417
72 74 228
72 75 248
72 76 194
72 77 442
72 78 385
72 79 347
72 80 251
72 81 571
72 82 585
72 83 535
72 84 36
72 85 335
72 86 224
72 87 489
72 88 312
72 89 238
72 90 390
72 91 258
72 92 374
72 93 180
72 94 276
72 95 573
72 96 461
72 97 245
72 98 280
72 99 193
72 100 301
73 74 197
73 75 408
73 76 230
73 77 255
73 78 40
73 79 186
73 80 338
73 81 169
73 82 282
73 83 140
73 84 388
73 85 315
73 86 224
73 87 129
73 88 131
73 89 496
73 90 131
73 91 237
73 92 84
73 93 438
73 94 278
73 95 171
73 96 80
73 97 206
73 98 230
73 99 231
73 100 115
74 75 239
74 76 85
74 77 251
74 78 161
74 79 214
74 80 179
74 81 343
74 82 372
74 83 307
74 84 204
74 85 208
74 86 124
74 87 262
74 88 85
74 89 370
74 90 167
74 91 92
74 92 181
74 93 249
74 94 224
74 95 365
74 96 257
74 97 126
74 98 105
74 99 87
74 100 86
75 76 292
75 77 283
75 78 368
75 79 451
75 80 72
75 81 505
75 82 442
75 83 469
75 84 261
75 85 143
75 86 341
75 87 411
75 88 277
75 89 483
75 90 309
75 91 171
75 92 416
75 93 85
75 94 435
75 95 580
75 96 482
75 97 352
75 98 180
75 99 293
75 100 318
76 77 336
76 78 203
76 79 168
76 80 245
76 81 393
76 82 448
76 83 359
76 84 162
76 85 289
76 86 48
76 87 323
76 88 156
76 89 289
76 90 241
76 91 173
76 92 180
76 93 277
76 94 146
76 95 379
76 96 267
76 97 61
76 98 189
76 99 1
76 100 118
77 78 227
77 79 407
77 80 222
77 81 259
77 82 159
77 83 230
77 84 431
77 85 140
77 86 367
77 87 174
77 88 191
77 89 621
77 90 127
77 91 185
77 92 319
77 93 355
77 94 460
77 95 390
77 96 333
77 97 361
77 98 163
77 99 338
77 100 255
78 79 191
78 80 297
78 81 189
78 82 275
78 83 156
78 84 358
78 85 276
78 86 205
78 87 129
78 88 91
78 89 480
78 90 100
78 91 197
78 92 93
78 93 399
78 94 272
78 95 211
78 96 118
78 97 189
78 98 189
78 99 204
78 100 85
79 80 393
79 81 347
79 82 466
79 83 323
79 84 312
79 85 412
79 86 125
79 87 315
79 88 222
79 89 340
79 90 282
79 91 301
79 92 101
79 93 445
79 94 108
79 95 264
79 96 166
79 97 106
79 98 308
79 99 168
79 100 157
80 81 434
80 82 381
80 83 397
80 84 254
80 85 89
80 86 292
80 87 340
80 88 207
80 89 472
80 90 237
80 91 101
80 92 350
80 93 133
80 94 391
80 95 508
80 96 413
80 97 300
80 98 108
80 99 246
80 100 252
81 82 182
81 83 37
81 84 545
81 85 378
81 86 393
81 87 93
81 88 260
81 89 666
81 90 197
81 91 347
81 92 248
81 93 556
81 94 446
81 95 167
81 96 188
81 97 375
81 98 331
81 99 394
81 100 275
82 83 174
82 84 569
82 85 299
82 86 467
82 87 154
82 88 292
82 89 737
82 90 206
82 91 329
82 92 365
82 93 514
82 94 545
82 95 348
82 96 339
82 97 454
82 98 307
82 99 449
82 100 341
83 84 510
83 85 343
83 86 361
83 87 58
83 88 223
83 89 635
83 90 160
83 91 310
83 92 223
83 93 519
83 94 419
83 95 175
83 96 173
83 97 344
83 98 294
83 99 360
83 100 241
84 85 333
84 86 189
84 87 467
84 88 290
84 89 222
84 90 370
84 91 246
84 92 342
84 93 200
84 94 240
84 95 541
84 96 429
84 97 210
84 98 267
84 99 161
84 100 273
85 86 332
85 87 285
85 88 198
85 89 545
85 90 193
85 91 115
85 92 349
85 93 219
85 94 432
85 95 478
85 96 395
85 97 334
85 98 105
85 99 290
85 100 258
86 87 332
86 88 179
86 89 275
86 90 261
86 91 216
86 92 160
86 93 324
86 94 100
86 95 359
86 96 248
86 97 21
86 98 230
86 99 47
86 100 126
87 88 177
87 89 607
87 90 105
87 91 256
87 92 213
87 93 463
87 94 401
87 95 218
87 96 187
87 97 317
87 98 239
87 99 325
87 100 207
88 89 445
88 90 85
88 91 106
88 92 150
88 93 308
88 94 269
88 95 303
88 96 205
88 97 171
88 98 101
88 99 157
88 100 65
89 90 530
89 91 442
89 92 421
89 93 419
89 94 232
89 95 605
89 96 503
89 97 291
89 98 462
89 99 288
89 100 400
90 91 150
90 92 191
90 93 358
90 94 346
90 95 284
90 96 211
90 97 251
90 98 133
90 99 242
90 100 138
91 92 250
91 93 208
91 94 316
91 95 409
91 96 312
91 97 219
91 98 21
91 99 175
91 100 153
92 93 430
92 94 197
92 95 199
92 96 88
92 97 139
92 98 250
92 99 180
92 100 97
93 94 408
93 95 610
93 96 505
93 97 339
93 98 224
93 99 278
93 100 334
94 95 373
94 96 273
94 97 100
94 98 329
94 99 145
94 100 208
95 96 111
95 97 337
95 98 400
95 99 380
95 100 279
96 97 226
96 98 306
96 99 268
96 100 171
97 98 231
97 99 61
97 100 113
98 99 190
98 100 155
99 100 119
1 2
2 2
3 2
4 2
5 2
6 2
7 2
8 2
9 2
10 2
11 2
12 2
13 2
14 2
15 2
16 2
17 2
18 2
19 2
20 2
21 2
22 2
23 2
24 2
25 2
26 2
27 2
28 2
29 2
30 2
31 2
32 2
33 2
34 2
35 2
36 2
37 2
38 2
39 2
40 2
41 2
42 2
43 2
44 2
45 2
46 2
47 2
48 2
49 2
50 2
51 2
52 2
53 2
54 2
55 2
56 2
57 2
58 2
59 2
60 2
61 2
62 2
63 2
64 2
65 2
66 2
67 2
68 2
69 2
70 2
71 2
72 2
73 2
74 2
75 2
76 2
77 2
78 2
79 2
80 2
81 2
82 2
83 2
84 2
85 2
86 2
87 2
88 2
89 2
90 2
91 2
92 2
93 2
94 2
95 2
96 2
97 2
98 2
99 2
100 2