100 4950
1 2 430
1 3 148
1 4 149
1 5 225
1 6 140
1 7 200
1 8 188
1 9 339
1 10 87
1 11 117
1 12 301
1 13 369
1 14 274
1 15 160
1 16 397
1 17 91
1 18 76
1 19 256
1 20 205
1 21 217
1 22 269
1 23 212
1 24 221
1 25 171
1 26 190
1 27 190
1 28 198
1 29 333
1 30 131
1 31 299
1 32 193
1 33 209
1 34 292
1 35 242
1 36 351
1 37 230
1 38 421
1 39 236
1 40 151
1 41 197
1 42 206
1 43 258
1 44 253
1 45 228
1 46 418
1 47 198
1 48 80
1 49 345
1 50 237
1 51 216
1 52 357
1 53 262
1 54 195
1 55 184
1 56 346
1 57 371
1 58 417
1 59 240
1 60 374
1 61 187
1 62 401
1 63 7
1 64 389
1 65 380
1 66 238
1 67 254
1 68 144
1 69 298
1 70 160
1 71 407
1 72 186
1 73 283
1 74 307
1 75 218
1 76 120
1 77 113
1 78 203
1 79 408
1 80 313
1 81 183
1 82 267
1 83 188
1 84 193
1 85 190
1 86 291
1 87 130
1 88 241
1 89 341
1 90 350
1 91 109
1 92 160
1 93 414
1 94 193
1 95 148
1 96 276
1 97 146
1 98 197
1 99 91
1 100 169
2 3 313
2 4 577
2 5 625
2 6 526
2 7 251
2 8 617
2 9 124
2 10 368
2 11 539
2 12 143
2 13 169
2 14 322
2 15 299
2 16 253
2 17 437
2 18 498
2 19 685
2 20 294
2 21 214
2 22 484
2 23 450
2 24 236
2 25 283
2 26 371
2 27 611
2 28 618
2 29 460
2 30 298
2 31 165
2 32 241
2 33 498
2 34 720
2 35 539
2 36 179
2 37 388
2 38 273
2 39 442
2 40 573
2 41 241
2 42 597
2 43 328
2 44 232
2 45 305
2 46 248
2 47 626
2 48 372
2 49 86
2 50 646
2 51 217
2 52 86
2 53 516
2 54 245
2 55 467
2 56 140
2 57 196
2 58 234
2 59 245
2 60 282
2 61 533
2 62 81
2 63 427
2 64 266
2 65 306
2 66 360
2 67 683
2 68 436
2 69 258
2 70 518
2 71 24
2 72 308
2 73 259
2 74 126
2 75 613
2 76 426
2 77 422
2 78 622
2 79 74
2 80 152
2 81 247
2 82 437
2 83 287
2 84 266
2 85 346
2 86 312
2 87 560
2 88 189
2 89 301
2 90 82
2 91 490
2 92 587
2 93 187
2 94 621
2 95 466
2 96 154
2 97 377
2 98 574
2 99 349
2 100 452
3 4 277
3 5 373
3 6 213
3 7 62
3 8 330
3 9 255
3 10 147
3 11 264
3 12 171
3 13 307
3 14 287
3 15 14
3 16 365
3 17 209
3 18 197
3 19 394
3 20 60
3 21 132
3 22 215
3 23 302
3 24 80
3 25 29
3 26 242
3 27 304
3 28 345
3 29 397
3 30 85
3 31 161
3 32 78
3 33 321
3 34 432
3 35 241
3 36 293
3 37 285
3 38 392
3 39 316
3 40 299
3 41 137
3 42 352
3 43 276
3 44 215
3 45 235
3 46 380
3 47 325
3 48 69
3 49 227
3 50 385
3 51 99
3 52 231
3 53 232
3 54 140
3 55 290
3 56 271
3 57 319
3 58 375
3 59 208
3 60 357
3 61 320
3 62 307
3 63 142
3 64 363
3 65 371
3 66 277
3 67 395
3 68 127
3 69 277
3 70 295
3 71 293
3 72 195
3 73 263
3 74 186
3 75 365
3 76 113
3 77 108
3 78 313
3 79 312
3 80 237
3 81 86
3 82 337
3 83 40
3 84 164
3 85 227
3 86 298
3 87 271
3 88 144
3 89 336
3 90 231
3 91 248
3 92 284
3 93 356
3 94 319
3 95 264
3 96 165
3 97 209
3 98 261
3 99 124
3 100 271
4 5 165
4 6 106
4 7 337
4 8 70
4 9 489
4 10 229
4 11 84
4 12 444
4 13 516
4 14 403
4 15 292
4 16 536
4 17 191
4 18 80
4 19 119
4 20 325
4 21 367
4 22 297
4 23 297
4 24 357
4 25 305
4 26 310
4 27 50
4 28 110
4 29 424
4 30 280
4 31 438
4 32 337
4 33 266
4 34 159
4 35 228
4 36 498
4 37 342
4 38 558
4 39 326
4 40 86
4 41 347
4 42 169
4 43 386
4 44 400
4 45 363
4 46 558
4 47 48
4 48 210
4 49 492
4 50 157
4 51 361
4 52 502
4 53 268
4 54 345
4 55 258
4 56 495
4 57 516
4 58 559
4 59 385
4 60 510
4 61 212
4 62 551
4 63 151
4 64 526
4 65 512
4 66 358
4 67 124
4 68 201
4 69 438
4 70 191
4 71 555
4 72 326
4 73 423
4 74 453
4 75 170
4 76 191
4 77 189
4 78 65
4 79 558
4 80 462
4 81 330
4 82 361
4 83 315
4 84 340
4 85 319
4 86 422
4 87 43
4 88 390
4 89 473
4 90 496
4 91 158
4 92 15
4 93 560
4 94 43
4 95 221
4 96 423
4 97 270
4 98 128
4 99 239
4 100 252
5 6 265
5 7 421
5 8 104
5 9 515
5 10 258
5 11 114
5 12 513
5 13 521
5 14 369
5 15 385
5 16 513
5 17 188
5 18 206
5 19 134
5 20 431
5 21 414
5 22 453
5 23 225
5 24 442
5 25 395
5 26 279
5 27 202
5 28 58
5 29 335
5 30 337
5 31 516
5 32 407
5 33 174
5 34 140
5 35 391
5 36 502
5 37 291
5 38 529
5 39 252
5 40 86
5 41 384
5 42 31
5 43 353
5 44 409
5 45 349
5 46 536
5 47 167
5 48 305
5 49 546
5 50 29
5 51 428
5 52 564
5 53 429
5 54 380
5 55 188
5 56 513
5 57 512
5 58 541
5 59 393
5 60 479
5 61 112
5 62 578
5 63 231
5 64 500
5 65 473
5 66 318
5 67 117
5 68 341
5 69 424
5 70 114
5 71 601
5 72 326
5 73 412
5 74 513
5 75 16
5 76 324
5 77 318
5 78 214
5 79 587
5 80 485
5 81 392
5 82 284
5 83 413
5 84 361
5 85 299
5 86 389
5 87 132
5 88 439
5 89 437
5 90 551
5 91 136
5 92 176
5 93 557
5 94 169
5 95 169
5 96 478
5 97 256
5 98 293
5 99 280
5 100 194
6 7 275
6 8 176
6 9 455
6 10 227
6 11 161
6 12 384
6 13 495
6 14 414
6 15 227
6 16 532
6 17 222
6 18 77
6 19 218
6 20 247
6 21 328
6 22 191
6 23 342
6 24 292
6 25 242
6 26 330
6 27 104
6 28 214
6 29 468
6 30 246
6 31 372
6 32 285
6 33 326
6 34 258
6 35 126
6 36 479
6 37 369
6 38 557
6 39 369
6 40 180
6 41 317
6 42 263
6 43 398
6 44 384
6 45 366
6 46 552
6 47 137
6 48 157
6 49 439
6 50 261
6 51 309
6 52 444
6 53 163
6 54 317
6 55 309
6 56 466
6 57 501
6 58 550
6 59 371
6 60 512
6 61 284
6 62 513
6 63 137
6 64 525
6 65 519
6 66 379
6 67 227
6 68 105
6 69 434
6 70 259
6 71 506
6 72 324
6 73 419
6 74 399
6 75 267
6 76 105
6 77 106
6 78 108
6 79 519
6 80 432
6 81 285
6 82 402
6 83 244
6 84 323
6 85 331
6 86 431
6 87 133
6 88 347
6 89 480
6 90 444
6 91 213
6 92 101
6 93 543
6 94 132
6 95 269
6 96 375
6 97 286
6 98 57
6 99 225
6 100 297
7 8 387
7 9 203
7 10 175
7 11 317
7 12 109
7 13 261
7 14 274
7 15 47
7 16 328
7 17 245
7 18 256
7 19 452
7 20 60
7 21 93
7 22 256
7 23 319
7 24 21
7 25 32
7 26 249
7 27 365
7 28 398
7 29 398
7 30 95
7 31 100
7 32 36
7 33 347
7 34 490
7 35 295
7 36 250
7 37 289
7 38 356
7 39 329
7 40 352
7 41 112
7 42 398
7 43 266
7 44 185
7 45 224
7 46 341
7 47 385
7 48 127
7 49 166
7 50 435
7 51 46
7 52 169
7 53 280
7 54 117
7 55 315
7 56 221
7 57 277
7 58 334
7 59 182
7 60 326
7 61 356
7 62 251
7 63 195
7 64 328
7 65 343
7 66 274
7 67 452
7 68 185
7 69 250
7 70 333
7 71 232
7 72 191
7 73 237
7 74 125
7 75 412
7 76 174
7 77 170
7 78 374
7 79 255
7 80 190
7 81 56
7 82 343
7 83 41
7 84 149
7 85 229
7 86 280
7 87 328
7 88 95
7 89 311
7 90 170
7 91 290
7 92 344
7 93 309
7 94 379
7 95 294
7 96 108
7 97 225
7 98 323
7 99 150
7 100 296
8 9 519
8 10 254
8 11 80
8 12 490
8 13 538
8 14 408
8 15 344
8 16 547
8 17 199
8 18 137
8 19 69
8 20 382
8 21 403
8 22 367
8 23 282
8 24 408
8 25 357
8 26 313
8 27 98
8 28 46
8 29 405
8 30 318
8 31 487
8 32 382
8 33 242
8 34 103
8 35 297
8 36 520
8 37 338
8 38 567
8 39 312
8 40 54
8 41 379
8 42 117
8 43 391
8 44 422
8 45 375
8 46 570
8 47 63
8 48 261
8 49 533
8 50 90
8 51 405
8 52 546
8 53 338
8 54 376
8 55 242
8 56 522
8 57 535
8 58 572
8 59 407
8 60 517
8 61 180
8 62 582
8 63 193
8 64 536
8 65 516
8 66 359
8 67 65
8 68 267
8 69 451
8 70 166
8 71 594
8 72 343
8 73 437
8 74 496
8 75 113
8 76 255
8 77 252
8 78 110
8 79 590
8 80 491
8 81 371
8 82 346
8 83 370
8 84 365
8 85 327
8 86 427
8 87 59
8 88 428
8 89 478
8 90 538
8 91 152
8 92 77
8 93 580
8 94 65
8 95 210
8 96 463
8 97 278
8 98 194
8 99 269
8 100 241
9 10 265
9 11 439
9 12 133
9 13 68
9 14 197
9 15 244
9 16 154
9 17 328
9 18 413
9 19 588
9 20 261
9 21 127
9 22 458
9 23 328
9 24 198
9 25 229
9 26 249
9 27 528
9 28 514
9 29 336
9 30 210
9 31 165
9 32 177
9 33 377
9 34 620
9 35 496
9 36 67
9 37 264
9 38 180
9 39 318
9 40 471
9 41 141
9 42 485
9 43 203
9 44 110
9 45 181
9 46 158
9 47 537
9 48 297
9 49 91
9 50 537
9 51 157
9 52 120
9 53 483
9 54 143
9 55 348
9 56 24
9 57 93
9 58 147
9 59 124
9 60 172
9 61 417
9 62 63
9 63 338
9 64 162
9 65 196
9 66 235
9 67 583
9 68 382
9 69 134
9 70 403
9 71 101
9 72 190
9 73 134
9 74 105
9 75 501
9 76 366
9 77 360
9 78 540
9 79 71
9 80 29
9 81 172
9 82 312
9 83 244
9 84 155
9 85 225
9 86 188
9 87 465
9 88 111
9 89 183
9 90 93
9 91 381
9 92 500
9 93 111
9 94 532
9 95 350
9 96 98
9 97 260
9 98 509
9 99 250
9 100 333
10 11 173
10 12 256
10 13 287
10 14 187
10 15 154
10 16 310
10 17 71
10 18 163
10 19 323
10 20 206
10 21 155
10 22 328
10 23 156
10 24 196
10 25 158
10 26 109
10 27 274
10 28 250
10 29 263
10 30 82
10 31 262
10 32 153
10 33 174
10 34 355
10 35 318
10 36 269
10 37 153
10 38 333
10 39 173
10 40 206
10 41 127
10 42 231
10 43 171
10 44 170
10 45 140
10 46 331
10 47 276
10 48 109
10 49 288
10 50 277
10 51 173
10 52 306
10 53 329
10 54 124
10 55 142
10 56 268
10 57 286
10 58 330
10 59 155
10 60 286
10 61 181
10 62 329
10 63 90
10 64 301
10 65 292
10 66 155
10 67 318
10 68 206
10 69 211
10 70 159
10 71 344
10 72 99
10 73 196
10 74 254
10 75 247
10 76 182
10 77 174
10 78 288
10 79 336
10 80 237
10 81 136
10 82 198
10 83 183
10 84 112
10 85 105
10 86 204
10 87 201
10 88 181
10 89 253
10 90 293
10 91 122
10 92 242
10 93 331
10 94 272
10 95 119
10 96 219
10 97 68
10 98 284
10 99 25
10 100 123
11 12 416
11 13 458
11 14 330
11 15 277
11 16 468
11 17 119
11 18 92
11 19 149
11 20 320
11 21 325
11 22 342
11 23 214
11 24 338
11 25 288
11 26 235
11 27 134
11 28 81
11 29 341
11 30 242
11 31 415
11 32 308
11 33 182
11 34 181
11 35 287
11 36 439
11 37 263
11 38 488
11 39 244
11 40 35
11 41 300
11 42 104
11 43 313
11 44 341
11 45 295
11 46 491
11 47 118
11 48 195
11 49 456
11 50 121
11 51 331
11 52 470
11 53 321
11 54 297
11 55 175
11 56 442
11 57 454
11 58 492
11 59 326
11 60 439
11 61 129
11 62 502
11 63 122
11 64 457
11 65 438
11 66 283
11 67 144
11 68 227
11 69 371
11 70 107
11 71 516
11 72 262
11 73 357
11 74 420
11 75 112
11 76 209
11 77 204
11 78 149
11 79 510
11 80 411
11 81 296
11 82 278
11 83 304
11 84 285
11 85 247
11 86 349
11 87 41
11 88 350
11 89 400
11 90 461
11 91 76
11 92 99
11 93 499
11 94 116
11 95 138
11 96 386
11 97 198
11 98 200
11 99 190
11 100 170
12 13 201
12 14 282
12 15 157
12 16 285
12 17 327
12 18 363
12 19 557
12 20 150
12 21 108
12 22 344
12 23 373
12 24 93
12 25 142
12 26 294
12 27 474
12 28 497
12 29 421
12 30 176
12 31 31
12 32 108
12 33 412
12 34 593
12 35 396
12 36 197
12 37 325
12 38 312
12 39 374
12 40 450
12 41 141
12 42 487
12 43 281
12 44 180
12 45 245
12 46 291
12 47 492
12 48 234
12 49 62
12 50 530
12 51 85
12 52 59
12 53 375
12 54 147
12 55 380
12 56 157
12 57 225
12 58 280
12 59 186
12 60 296
12 61 434
12 62 160
12 63 297
12 64 290
12 65 317
12 66 303
12 67 556
12 68 292
12 69 235
12 70 414
12 71 127
12 72 228
12 73 228
12 74 28
12 75 502
12 76 283
12 77 279
12 78 484
12 79 162
12 80 136
12 81 120
12 82 380
12 83 143
12 84 180
12 85 270
12 86 281
12 87 431
12 88 84
12 89 296
12 90 65
12 91 378
12 92 452
12 93 245
12 94 487
12 95 368
12 96 51
12 97 285
12 98 432
12 99 232
12 100 362
13 14 170
13 15 297
13 16 88
13 17 341
13 18 445
13 19 607
13 20 320
13 21 174
13 22 517
13 23 316
13 24 259
13 25 283
13 26 244
13 27 559
13 28 528
13 29 299
13 30 249
13 31 232
13 32 231
13 33 368
13 34 637
13 35 548
13 36 18
13 37 247
13 38 113
13 39 301
13 40 488
13 41 178
13 42 490
13 43 181
13 44 117
13 45 173
13 46 90
13 47 564
13 48 340
13 49 157
13 50 546
13 51 214
13 52 186
13 53 539
13 54 178
13 55 342
13 56 43
13 57 27
13 58 79
13 59 131
13 60 113
13 61 416
13 62 88
13 63 369
13 64 99
13 65 137
13 66 217
13 67 601
13 68 431
13 69 104
13 70 407
13 71 150
13 72 196
13 73 112
13 74 173
13 75 507
13 76 413
13 77 406
13 78 572
13 79 96
13 80 71
13 81 221
13 82 287
13 83 302
13 84 176
13 85 222
13 86 155
13 87 488
13 88 165
13 89 134
13 90 159
13 91 393
13 92 528
13 93 49
13 94 559
13 95 352
13 96 162
13 97 266
13 98 551
13 99 277
13 100 330
14 15 285
14 16 143
14 17 212
14 18 347
14 19 474
14 20 330
14 21 188
14 22 498
14 23 150
14 24 285
14 25 278
14 26 94
14 27 451
14 28 387
14 29 141
14 30 203
14 31 307
14 32 237
14 33 204
14 34 497
14 35 501
14 36 152
14 37 80
14 38 160
14 39 132
14 40 354
14 41 162
14 42 338
14 43 17
14 44 102
14 45 52
14 46 167
14 47 446
14 48 283
14 49 273
14 50 396
14 51 238
14 52 302
14 53 506
14 54 156
14 55 182
14 56 182
14 57 152
14 58 172
14 59 97
14 60 110
14 61 259
14 62 250
14 63 277
14 64 130
14 65 109
14 66 51
14 67 464
14 68 385
14 69 65
14 70 255
14 71 298
14 72 95
14 73 62
14 74 263
14 75 354
14 76 362
14 77 353
14 78 466
14 79 259
14 80 171
14 81 217
14 82 117
14 83 305
14 84 125
14 85 84
14 86 19
14 87 367
14 88 203
14 89 70
14 90 277
14 91 255
14 92 417
14 93 194
14 94 443
14 95 202
14 96 231
14 97 133
14 98 471
14 99 193
14 100 175
15 16 357
15 17 218
15 18 211
15 19 408
15 20 52
15 21 123
15 22 222
15 23 307
15 24 66
15 25 15
15 26 244
15 27 318
15 28 358
15 29 398
15 30 85
15 31 146
15 32 66
15 33 328
15 34 446
15 35 252
15 36 284
15 37 287
15 38 385
15 39 320
15 40 312
15 41 131
15 42 364
15 43 275
15 44 208
15 45 233
15 46 372
15 47 339
15 48 83
15 49 213
15 50 397
15 51 87
15 52 217
15 53 241
15 54 134
15 55 297
15 56 260
15 57 310
15 58 366
15 59 202
15 60 350
15 61 329
15 62 295
15 63 154
15 64 356
15 65 365
15 66 277
15 67 409
15 68 139
15 69 272
15 70 305
15 71 280
15 72 194
15 73 258
15 74 173
15 75 377
15 76 126
15 77 122
15 78 327
15 79 299
15 80 227
15 81 77
15 82 339
15 83 29
15 84 161
15 85 228
15 86 294
15 87 285
15 88 133
15 89 331
15 90 217
15 91 258
15 92 298
15 93 346
15 94 333
15 95 272
15 96 152
15 97 213
15 98 275
15 99 129
15 100 278
16 17 349
16 18 473
16 19 615
16 20 389
16 21 236
16 22 580
16 23 292
16 24 330
16 25 346
16 26 236
16 27 583
16 28 529
16 29 241
16 30 294
16 31 315
16 32 294
16 33 346
16 34 640
16 35 600
16 36 87
16 37 223
16 38 28
16 39 271
16 40 494
16 41 228
16 42 481
16 43 159
16 44 151
16 45 173
16 46 23
16 47 581
16 48 384
16 49 245
16 50 540
16 51 283
16 52 274
16 53 597
16 54 225
16 55 326
16 56 130
16 57 61
16 58 31
16 59 162
16 60 39
16 61 403
16 62 172
16 63 398
16 64 16
16 65 59
16 66 195
16 67 605
16 68 482
16 69 99
16 70 399
16 71 236
16 72 211
16 73 114
16 74 257
16 75 498
16 76 462
16 77 454
16 78 597
16 79 179
16 80 148
16 81 280
16 82 248
16 83 367
16 84 210
16 85 220
16 86 124
16 87 503
16 88 234
16 89 79
16 90 247
16 91 396
16 92 550
16 93 72
16 94 578
16 95 346
16 96 241
16 97 269
16 98 589
16 99 307
16 100 318
17 18 146
17 19 267
17 20 269
17 21 225
17 22 360
17 23 121
17 24 266
17 25 224
17 26 118
17 27 241
17 28 187
17 29 246
17 30 153
17 31 334
17 32 224
17 33 119
17 34 295
17 35 333
17 36 322
17 37 151
17 38 369
17 39 147
17 40 147
17 41 196
17 42 160
17 43 195
17 44 225
17 45 176
17 46 371
17 47 234
17 48 154
17 49 358
17 50 209
17 51 244
17 52 376
17 53 354
17 54 191
17 55 92
17 56 328
17 57 336
17 58 373
17 59 210
17 60 320
17 61 111
17 62 392
17 63 98
17 64 338
17 65 321
17 66 167
17 67 259
17 68 235
17 69 252
17 70 88
17 71 412
17 72 144
17 73 238
17 74 325
17 75 176
17 76 211
17 77 203
17 78 255
17 79 400
17 80 299
17 81 207
17 82 180
17 83 247
17 84 173
17 85 128
17 86 231
17 87 155
17 88 251
17 89 282
17 90 363
17 91 53
17 92 206
17 93 381
17 94 231
17 95 57
17 96 290
17 97 79
17 98 276
17 99 95
17 100 77
18 19 197
18 20 246
18 21 289
18 22 249
18 23 265
18 24 276
18 25 225
18 26 258
18 27 115
18 28 162
18 29 392
18 30 203
18 31 357
18 32 257
18 33 248
18 34 236
18 35 199
18 36 427
18 37 296
18 38 496
18 39 293
18 40 120
18 41 271
18 42 197
18 43 330
18 44 330
18 45 302
18 46 494
18 47 129
18 48 129
18 49 412
18 50 208
18 51 281
18 52 421
18 53 230
18 54 270
18 55 231
18 56 421
18 57 447
18 58 493
18 59 316
18 60 449
18 61 209
18 62 474
18 63 76
18 64 464
18 65 454
18 66 308
18 67 200
18 68 135
18 69 374
18 70 183
18 71 476
18 72 262
18 73 359
18 74 373
18 75 204
18 76 120
18 77 116
18 78 127
18 79 481
18 80 387
18 81 250
18 82 326
18 83 235
18 84 269
18 85 262
18 86 364
18 87 80
18 88 311
18 89 415
18 90 416
18 91 135
18 92 88
18 93 491
18 94 123
18 95 192
18 96 344
18 97 215
18 98 130
18 99 168
18 100 219
19 20 443
19 21 472
19 22 405
19 23 343
19 24 473
19 25 421
19 26 379
19 27 118
19 28 90
19 29 462
19 30 387
19 31 552
19 32 449
19 33 298
19 34 40
19 35 326
19 36 589
19 37 402
19 38 634
19 39 372
19 40 120
19 41 448
19 42 159
19 43 457
19 44 491
19 45 443
19 46 638
19 47 80
19 48 325
19 49 601
19 50 108
19 51 472
19 52 613
19 53 371
19 54 445
19 55 303
19 56 592
19 57 604
19 58 640
19 59 476
19 60 584
19 61 234
19 62 652
19 63 259
19 64 603
19 65 582
19 66 424
19 67 18
19 68 318
19 69 519
19 70 226
19 71 662
19 72 411
19 73 506
19 74 563
19 75 149
19 76 310
19 77 308
19 78 123
19 79 659
19 80 560
19 81 439
19 82 406
19 83 432
19 84 435
19 85 394
19 86 493
19 87 125
19 88 496
19 89 544
19 90 606
19 91 218
19 92 117
19 93 648
19 94 86
19 95 273
19 96 532
19 97 346
19 98 219
19 99 338
19 100 303
20 21 153
20 22 198
20 23 359
20 24 62
20 25 52
20 26 295
20 27 346
20 28 401
20 29 448
20 30 136
20 31 130
20 32 95
20 33 381
20 34 483
20 35 245
20 36 310
20 37 337
20 38 417
20 39 372
20 40 354
20 41 170
20 42 411
20 43 321
20 44 245
20 45 279
20 46 402
20 47 370
20 48 125
20 49 212
20 50 441
20 51 106
20 52 208
20 53 225
20 54 174
20 55 349
20 56 280
20 57 337
20 58 394
20 59 241
20 60 386
20 61 380
20 62 304
20 63 199
20 64 389
20 65 403
20 66 326
20 67 446
20 68 147
20 69 310
20 70 355
20 71 277
20 72 242
20 73 297
20 74 173
20 75 424
20 76 142
20 77 141
20 78 353
20 79 307
20 80 249
20 81 113
20 82 390
20 83 25
20 84 205
20 85 278
20 86 338
20 87 324
20 88 155
20 89 371
20 90 215
20 91 308
20 92 330
20 93 369
20 94 365
20 95 324
20 96 163
20 97 265
20 98 288
20 99 182
20 100 330
21 22 344
21 23 265
21 24 99
21 25 110
21 26 187
21 27 404
21 28 404
21 29 321
21 30 86
21 31 125
21 32 58
21 33 304
21 34 506
21 35 373
21 36 161
21 37 220
21 38 263
21 39 267
21 40 359
21 41 33
21 42 386
21 43 183
21 44 93
21 45 143
21 46 250
21 47 415
21 48 170
21 49 132
21 50 433
21 51 50
21 52 151
21 53 365
21 54 39
21 55 272
21 56 140
21 57 187
21 58 243
21 59 92
21 60 233
21 61 329
21 62 185
21 63 215
21 64 235
21 65 250
21 66 199
21 67 469
21 68 257
21 69 157
21 70 310
21 71 190
21 72 121
21 73 145
21 74 100
21 75 402
21 76 240
21 77 234
21 78 415
21 79 191
21 80 106
21 81 46
21 82 275
21 83 131
21 84 73
21 85 163
21 86 192
21 87 347
21 88 25
21 89 219
21 90 137
21 91 278
21 92 377
21 93 223
21 94 411
21 95 262
21 96 64
21 97 177
21 98 382
21 99 135
21 100 254
22 23 478
22 24 260
22 25 234
22 26 437
22 27 286
22 28 404
22 29 591
22 30 295
22 31 319
22 32 286
22 33 479
22 34 444
22 35 88
22 36 505
22 37 481
22 38 607
22 39 500
22 40 367
22 41 353
22 42 446
22 43 485
22 44 430
22 45 445
22 46 594
22 47 324
22 48 219
22 49 406
22 50 451
22 51 302
22 52 398
22 53 43
22 54 355
22 55 453
22 56 477
22 57 532
22 58 588
22 59 423
22 60 572
22 61 452
22 62 501
22 63 263
22 64 578
22 65 586
22 66 479
22 67 415
22 68 125
22 69 492
22 70 425
22 71 470
22 72 403
22 73 478
22 74 369
22 75 453
22 76 149
22 77 157
22 78 285
22 79 504
22 80 446
22 81 299
22 82 527
22 83 215
22 84 378
22 85 427
22 86 510
22 87 321
22 88 351
22 89 550
22 90 409
22 91 373
22 92 292
22 93 566
22 94 319
22 95 417
22 96 361
22 97 397
22 98 189
22 99 312
22 100 437
23 24 338
23 25 308
23 26 80
23 27 348
23 28 253
23 29 127
23 30 225
23 31 389
23 32 290
23 33 53
23 34 361
23 35 454
23 36 297
23 37 70
23 38 306
23 39 29
23 40 229
23 41 232
23 42 193
23 43 136
23 44 218
23 45 146
23 46 316
23 47 332
23 48 263
23 49 385
23 50 253
23 51 302
23 52 410
23 53 474
23 54 226
23 55 40
23 56 319
23 57 301
23 58 322
23 59 205
23 60 256
23 61 113
23 62 388
23 63 218
23 64 278
23 65 248
23 66 99
23 67 330
23 68 353
23 69 212
23 70 117
23 71 426
23 72 146
23 73 203
23 74 362
23 75 209
23 76 329
23 77 320
23 78 363
23 79 396
23 80 298
23 81 269
23 82 64
23 83 334
23 84 194
23 85 105
23 86 169
23 87 255
23 88 289
23 89 214
23 90 390
23 91 138
23 92 312
23 93 344
23 94 330
23 95 76
23 96 326
23 97 94
23 98 395
23 99 178
23 100 46
24 25 51
24 26 266
24 27 384
24 28 420
24 29 412
24 30 114
24 31 80
24 32 49
24 33 367
24 34 510
24 35 305
24 36 249
24 37 305
24 38 358
24 39 346
24 40 373
24 41 123
24 42 419
24 43 278
24 44 193
24 45 237
24 46 342
24 47 405
24 48 147
24 49 152
24 50 457
24 51 48
24 52 152
24 53 287
24 54 128
24 55 335
24 56 218
24 57 277
24 58 334
24 59 191
24 60 331
24 61 377
24 62 242
24 63 216
24 64 332
24 65 349
24 66 289
24 67 473
24 68 199
24 69 257
24 70 354
24 71 219
24 72 206
24 73 245
24 74 112
24 75 433
24 76 189
24 77 186
24 78 393
24 79 245
24 80 188
24 81 71
24 82 360
24 83 50
24 84 162
24 85 245
24 86 290
24 87 349
24 88 96
24 89 319
24 90 156
24 91 311
24 92 364
24 93 307
24 94 399
24 95 315
24 96 100
24 97 244
24 98 338
24 99 171
24 100 316
25 26 242
25 27 333
25 28 370
25 29 395
25 30 83
25 31 132
25 32 52
25 33 332
25 34 459
25 35 266
25 36 271
25 37 284
25 38 374
25 39 320
25 40 323
25 41 121
25 42 373
25 43 269
25 44 198
25 45 227
25 46 360
25 47 353
25 48 96
25 49 198
25 50 408
25 51 72
25 52 201
25 53 255
25 54 125
25 55 300
25 56 246
25 57 298
25 58 354
25 59 193
25 60 340
25 61 336
25 62 280
25 63 166
25 64 345
25 65 356
25 66 273
25 67 422
25 68 154
25 69 262
25 70 311
25 71 264
25 72 190
25 73 248
25 74 157
25 75 386
25 76 142
25 77 138
25 78 342
25 79 284
25 80 213
25 81 66
25 82 338
25 83 27
25 84 153
25 85 225
25 86 287
25 87 298
25 88 119
25 89 322
25 90 202
25 91 266
25 92 312
25 93 333
25 94 348
25 95 276
25 96 137
25 97 214
25 98 290
25 99 133
25 100 281
26 27 359
26 28 293
26 29 155
26 30 159
26 31 311
26 32 217
26 33 127
26 34 404
26 35 427
26 36 225
26 37 44
26 38 254
26 39 81
26 40 259
26 41 153
26 42 247
26 43 77
26 44 139
26 45 70
26 46 259
26 47 352
26 48 217
26 49 305
26 50 305
26 51 227
26 52 330
26 53 439
26 54 147
26 55 99
26 56 242
26 57 233
26 58 262
26 59 125
26 60 204
26 61 172
26 62 311
26 63 194
26 64 223
26 65 203
26 66 49
26 67 369
26 68 316
26 69 144
26 70 164
26 71 346
26 72 66
26 73 133
26 74 282
26 75 264
26 76 292
26 77 284
26 78 373
26 79 319
26 80 220
26 81 195
26 82 95
26 83 270
26 84 114
26 85 25
26 86 114
26 87 273
26 88 210
26 89 165
26 90 309
26 91 161
26 92 324
26 93 277
26 94 349
26 95 110
26 96 246
26 97 43
26 98 386
26 99 124
26 100 86
27 28 144
27 29 475
27 30 318
27 31 465
27 32 369
27 33 317
27 34 158
27 35 208
27 36 542
27 37 392
27 38 606
27 39 377
27 40 132
27 41 387
27 42 211
27 43 435
27 44 443
27 45 411
27 46 605
27 47 40
27 48 240
27 49 525
27 50 188
27 51 394
27 52 533
27 53 252
27 54 385
27 55 309
27 56 536
27 57 561
27 58 605
27 59 429
27 60 558
27 61 261
27 62 589
27 63 191
27 64 574
27 65 560
27 66 408
27 67 131
27 68 209
27 69 484
27 70 241
27 71 590
27 72 372
27 73 469
27 74 485
27 75 210
27 76 205
27 77 205
27 78 14
27 79 596
27 80 503
27 81 365
27 82 412
27 83 339
27 84 383
27 85 367
27 86 470
27 87 93
27 88 426
27 89 521
27 90 530
27 91 209
27 92 35
27 93 604
27 94 35
27 95 271
27 96 458
27 97 318
27 98 101
27 99 282
27 100 302
28 29 371
28 30 322
28 31 497
28 32 389
28 33 208
28 34 110
28 35 338
28 36 509
28 37 313
28 38 547
28 39 282
28 40 46
28 41 377
28 42 73
28 43 370
28 44 412
28 45 359
28 46 552
28 47 109
28 48 276
28 49 536
28 50 47
28 51 412
28 52 551
28 53 377
28 54 374
28 55 213
28 56 515
28 57 522
28 58 556
28 59 397
28 60 497
28 61 144
28 62 578
28 63 204
28 64 517
28 65 494
28 66 337
28 67 77
28 68 297
28 69 435
28 70 136
28 71 594
28 72 331
28 73 423
28 74 500
28 75 67
28 76 283
28 77 278
28 78 156
28 79 586
28 80 485
28 81 377
28 82 316
28 83 386
28 84 359
28 85 310
28 86 407
28 87 83
28 88 429
28 89 457
28 90 541
28 91 135
28 92 120
28 93 567
28 94 111
28 95 185
28 96 466
28 97 263
28 98 237
28 99 269
28 100 215
29 30 313
29 31 444
29 32 363
29 33 164
29 34 475
29 35 576
29 36 284
29 37 111
29 38 243
29 39 99
29 40 353
29 41 291
29 42 305
29 43 140
29 44 243
29 45 178
29 46 262
29 47 458
29 48 372
29 49 414
29 50 364
29 51 368
29 52 443
29 53 591
29 54 285
29 55 166
29 56 319
29 57 276
29 58 273
29 59 235
29 60 202
29 61 227
29 62 384
29 63 339
29 64 225
29 65 184
29 66 123
29 67 447
29 68 469
29 69 202
29 70 238
29 71 437
29 72 206
29 73 202
29 74 403
29 75 319
29 76 444
29 77 436
29 78 490
29 79 393
29 80 311
29 81 341
29 82 66
29 83 422
29 84 251
29 85 170
29 86 148
29 87 382
29 88 339
29 89 166
29 90 418
29 91 266
29 92 440
29 93 309
29 94 456
29 95 204
29 96 370
29 97 194
29 98 522
29 99 280
29 100 173
30 31 180
30 32 71
30 33 252
30 34 422
30 35 307
30 36 233
30 37 201
30 38 320
30 39 236
30 40 276
30 41 71
30 42 311
30 43 192
30 44 142
30 45 151
30 46 311
30 47 329
30 48 91
30 49 214
30 50 354
30 51 91
30 52 229
30 53 306
30 54 71
30 55 220
30 56 220
30 57 256
30 58 308
30 59 132
30 60 280
30 61 264
30 62 271
30 63 129
30 64 289
30 65 292
30 66 192
30 67 384
30 68 188
30 69 200
30 70 241
30 71 275
30 72 110
30 73 185
30 74 178
30 75 326
30 76 168
30 77 160
30 78 330
30 79 277
30 80 186
30 81 55
30 82 254
30 83 110
30 84 85
30 85 142
30 86 215
30 87 261
30 88 109
30 89 256
30 90 219
30 91 202
30 92 290
30 93 297
30 94 324
30 95 200
30 96 145
30 97 131
30 98 302
30 99 57
30 100 201
31 32 109
31 33 425
31 34 590
31 35 374
31 36 228
31 37 345
31 38 342
31 39 392
31 40 450
31 41 158
31 42 492
31 43 304
31 44 205
31 45 266
31 46 322
31 47 485
31 48 228
31 49 89
31 50 532
31 51 89
31 52 79
31 53 351
31 54 164
31 55 392
31 56 188
31 57 256
31 58 311
31 59 209
31 60 325
31 61 443
31 62 190
31 63 294
31 64 321
31 65 347
31 66 323
31 67 553
31 68 276
31 69 263
31 70 422
31 71 151
31 72 246
31 73 255
31 74 59
31 75 506
31 76 268
31 77 266
31 78 474
31 79 191
31 80 167
31 81 126
31 82 400
31 83 128
31 84 198
31 85 288
31 86 307
31 87 428
31 88 104
31 89 324
31 90 91
31 91 383
31 92 445
31 93 276
31 94 480
31 95 378
31 96 78
31 97 298
31 98 417
31 99 238
31 100 374
32 33 321
32 34 485
32 35 318
32 36 218
32 37 255
32 38 322
32 39 297
32 40 342
32 41 76
32 42 382
32 43 230
32 44 150
32 45 188
32 46 308
32 47 386
32 48 130
32 49 155
32 50 423
32 51 24
32 52 165
32 53 308
32 54 80
32 55 288
32 56 193
32 57 245
32 58 301
32 59 146
32 60 291
32 61 335
32 62 230
32 63 189
32 64 294
32 65 307
32 66 240
32 67 447
32 68 205
32 69 214
32 70 313
32 71 221
32 72 156
32 73 201
32 74 116
32 75 397
32 76 190
32 77 184
32 78 380
32 79 235
32 80 160
32 81 21
32 82 310
32 83 73
32 84 113
32 85 196
32 86 244
32 87 323
32 88 66
32 89 275
32 90 160
32 91 273
32 92 345
32 93 280
32 94 380
32 95 271
32 96 89
32 97 196
32 98 336
32 99 129
32 100 269
33 34 313
33 35 445
33 36 350
33 37 123
33 38 359
33 39 78
33 40 190
33 41 271
33 42 143
33 43 190
33 44 267
33 45 197
33 46 369
33 47 296
33 48 272
33 49 429
33 50 203
33 51 336
33 52 453
33 53 469
33 54 265
33 55 32
33 56 370
33 57 355
33 58 376
33 59 253
33 60 309
33 61 64
33 62 438
33 63 216
33 64 332
33 65 301
33 66 153
33 67 284
33 68 353
33 69 265
33 70 75
33 71 473
33 72 190
33 73 256
33 74 403
33 75 158
33 76 330
33 77 322
33 78 331
33 79 446
33 80 347
33 81 301
33 82 109
33 83 357
33 84 235
33 85 151
33 86 223
33 87 223
33 88 329
33 89 268
33 90 434
33 91 113
33 92 281
33 93 397
33 94 295
33 95 61
33 96 367
33 97 127
33 98 375
33 99 199
33 100 51
34 35 365
34 36 618
34 37 423
34 38 658
34 39 389
34 40 149
34 41 482
34 42 170
34 43 481
34 44 521
34 45 469
34 46 663
34 47 120
34 48 363
34 49 636
34 50 112
34 51 509
34 52 649
34 53 410
34 54 478
34 55 321
34 56 623
34 57 632
34 58 666
34 59 505
34 60 608
34 61 249
34 62 684
34 63 296
34 64 627
34 65 604
34 66 447
34 67 37
34 68 359
34 69 546
34 70 244
34 71 697
34 72 440
34 73 533
34 74 599
34 75 156
34 76 350
34 77 348
34 78 160
34 79 692
34 80 592
34 81 475
34 82 422
34 83 471
34 84 466
34 85 420
34 86 517
34 87 161
34 88 531
34 89 567
34 90 641
34 91 244
34 92 157
34 93 677
34 94 126
34 95 295
34 96 567
34 97 373
34 98 257
34 99 372
34 100 324
35 36 534
35 37 470
35 38 627
35 39 479
35 40 306
35 41 373
35 42 389
35 43 486
35 44 449
35 45 449
35 46 618
35 47 248
35 48 218
35 49 457
35 50 385
35 51 338
35 52 453
35 53 47
35 54 375
35 55 424
35 56 512
35 57 559
35 58 613
35 59 439
35 60 587
35 61 408
35 62 546
35 63 237
35 64 596
35 65 598
35 66 473
35 67 339
35 68 118
35 69 507
35 70 382
35 71 523
35 72 406
35 73 492
35 74 417
35 75 394
35 76 139
35 77 147
35 78 204
35 79 550
35 80 479
35 81 326
35 82 509
35 83 255
35 84 391
35 85 423
35 86 515
35 87 259
35 88 385
35 89 560
35 90 460
35 91 333
35 92 220
35 93 597
35 94 243
35 95 386
35 96 403
35 97 385
35 98 107
35 99 308
35 100 410
36 37 229
36 38 114
36 39 283
36 40 469
36 41 162
36 42 471
36 43 163
36 44 98
36 45 154
36 46 94
36 47 545
36 48 324
36 49 158
36 50 527
36 51 204
36 52 188
36 53 526
36 54 162
36 55 323
36 56 43
36 57 27
36 58 84
36 59 113
36 60 105
36 61 397
36 62 100
36 63 351
36 64 95
36 65 129
36 66 199
36 67 582
36 68 417
36 69 87
36 70 388
36 71 159
36 72 178
36 73 94
36 74 170
36 75 488
36 76 398
36 77 391
36 78 555
36 79 109
36 80 62
36 81 207
36 82 270
36 83 290
36 84 158
36 85 203
36 86 139
36 87 470
36 88 154
36 89 122
36 90 161
36 91 374
36 92 510
36 93 64
36 94 541
36 95 333
36 96 155
36 97 247
36 98 535
36 99 259
36 100 311
37 38 237
37 39 54
37 40 284
37 41 187
37 42 259
37 43 66
37 44 157
37 45 84
37 46 246
37 47 381
37 48 261
37 49 329
37 50 319
37 51 263
37 52 355
37 53 483
37 54 181
37 55 103
37 56 253
37 57 232
37 58 252
37 59 145
37 60 187
37 61 180
37 62 322
37 63 235
37 64 208
37 65 181
37 66 29
37 67 390
37 68 360
37 69 142
37 70 178
37 71 364
37 72 99
37 73 135
37 74 310
37 75 276
37 76 336
37 77 327
37 78 407
37 79 331
37 80 235
37 81 234
37 82 55
37 83 312
37 84 147
37 85 59
37 86 99
37 87 303
37 88 241
37 89 145
37 90 333
37 91 187
37 92 356
37 93 274
37 94 379
37 95 128
37 96 275
37 97 85
37 98 425
37 99 169
37 100 98
38 39 282
38 40 514
38 41 255
38 42 497
38 43 177
38 44 178
38 45 195
38 46 26
38 47 603
38 48 411
38 49 270
38 50 556
38 51 311
38 52 299
38 53 624
38 54 253
38 55 341
38 56 156
38 57 87
38 58 40
38 59 188
38 60 50
38 61 417
38 62 192
38 63 422
38 64 32
38 65 60
38 66 211
38 67 624
38 68 509
38 69 123
38 70 415
38 71 258
38 72 234
38 73 138
38 74 284
38 75 513
38 76 488
38 77 481
38 78 620
38 79 199
38 80 176
38 81 308
38 82 257
38 83 395
38 84 236
38 85 240
38 86 140
38 87 524
38 88 262
38 89 91
38 90 272
38 91 415
38 92 572
38 93 87
38 94 599
38 95 363
38 96 268
38 97 290
38 98 614
38 99 331
38 100 334
39 40 258
39 41 234
39 42 221
39 43 119
39 44 211
39 45 138
39 46 294
39 47 361
39 48 282
39 49 381
39 50 281
39 51 308
39 52 407
39 53 497
39 54 228
39 55 69
39 56 308
39 57 285
39 58 301
39 59 198
39 60 233
39 61 140
39 62 376
39 63 242
39 64 256
39 65 224
39 66 84
39 67 359
39 68 375
39 69 196
39 70 146
39 71 418
39 72 146
39 73 189
39 74 361
39 75 236
39 76 351
39 77 343
39 78 392
39 79 385
39 80 290
39 81 276
39 82 34
39 83 347
39 84 195
39 85 104
39 86 149
39 87 285
39 88 290
39 89 192
39 90 386
39 91 168
39 92 341
39 93 326
39 94 359
39 95 105
39 96 325
39 97 107
39 98 423
39 99 194
39 100 74
40 41 333
40 42 84
40 43 337
40 44 371
40 45 322
40 46 517
40 47 106
40 48 229
40 49 490
40 50 88
40 51 365
40 52 505
40 53 343
40 54 330
40 55 189
40 56 473
40 57 483
40 58 520
40 59 356
40 60 464
40 61 131
40 62 535
40 63 157
40 64 483
40 65 462
40 66 305
40 67 112
40 68 255
40 69 399
40 70 114
40 71 550
40 72 291
40 73 385
40 74 454
40 75 87
40 76 239
40 77 234
40 78 146
40 79 542
40 80 443
40 81 330
40 82 293
40 83 339
40 84 317
40 85 274
40 86 373
40 87 47
40 88 384
40 89 424
40 90 495
40 91 98
40 92 99
40 93 528
40 94 105
40 95 156
40 96 421
40 97 225
40 98 212
40 99 224
40 100 187
41 42 356
41 43 155
41 44 77
41 45 114
41 46 244
41 47 395
41 48 162
41 49 162
41 50 405
41 51 77
41 52 183
41 53 369
41 54 6
41 55 238
41 56 149
41 57 186
41 58 239
41 59 71
41 60 219
41 61 297
41 62 204
41 63 196
41 64 225
41 65 234
41 66 168
41 67 444
41 68 255
41 69 140
41 70 279
41 71 217
41 72 88
41 73 127
41 74 133
41 75 372
41 76 236
41 77 229
41 78 399
41 79 211
41 80 116
41 81 56
41 82 242
41 83 146
41 84 40
41 85 130
41 86 168
41 87 324
41 88 58
41 89 201
41 90 167
41 91 248
41 92 358
41 93 226
41 94 391
41 95 230
41 96 96
41 97 144
41 98 373
41 99 109
41 100 221
42 43 321
42 44 378
42 45 317
42 46 505
42 47 179
42 48 286
42 49 518
42 50 60
42 51 403
42 52 537
42 53 425
42 54 352
42 55 156
42 56 483
42 57 481
42 58 509
42 59 363
42 60 447
42 61 80
42 62 548
42 63 213
42 64 468
42 65 441
42 66 286
42 67 143
42 68 330
42 69 392
42 70 83
42 71 573
42 72 296
42 73 380
42 74 486
42 75 16
42 76 312
42 77 306
42 78 225
42 79 557
42 80 455
42 81 366
42 82 253
42 83 392
42 84 331
42 85 268
42 86 357
42 87 131
42 88 412
42 89 405
42 90 523
42 91 109
42 92 182
42 93 525
42 94 181
42 95 137
42 96 450
42 97 225
42 98 296
42 99 254
42 100 162
43 44 103
43 45 41
43 46 183
43 47 429
43 48 269
43 49 275
43 50 380
43 51 232
43 52 304
43 53 493
43 54 149
43 55 167
43 56 190
43 57 165
43 58 187
43 59 95
43 60 126
43 61 243
43 62 258
43 63 261
43 64 146
43 65 126
43 66 37
43 67 447
43 68 371
43 69 76
43 70 239
43 71 304
43 72 82
43 73 70
43 74 263
43 75 338
43 76 348
43 77 339
43 78 449
43 79 267
43 80 176
43 81 209
43 82 108
43 83 295
43 84 116
43 85 68
43 86 36
43 87 350
43 88 200
43 89 87
43 90 280
43 91 238
43 92 400
43 93 207
43 94 426
43 95 186
43 96 229
43 97 116
43 98 455
43 99 178
43 100 159
44 45 73
44 46 169
44 47 447
44 48 233
44 49 173
44 50 432
44 51 144
44 52 201
44 53 446
44 54 74
44 55 238
44 56 104
44 57 117
44 58 166
44 59 15
44 60 142
44 61 308
44 62 171
44 63 254
44 64 148
44 65 157
44 66 130
44 67 484
44 68 330
44 69 64
44 70 296
44 71 207
44 72 82
44 73 52
44 74 160
44 75 395
44 76 310
44 77 303
44 78 456
44 79 180
44 80 80
44 81 132
44 82 208
44 83 222
44 84 61
44 85 115
44 86 102
44 87 371
44 88 103
44 89 126
44 90 177
44 91 277
44 92 412
44 93 161
44 94 443
44 95 242
44 96 128
44 97 153
44 98 440
44 99 162
44 100 223
45 46 195
45 47 408
45 48 231
45 49 245
45 50 374
45 51 191
45 52 272
45 53 454
45 54 108
45 55 169
45 56 173
45 57 163
45 58 197
45 59 61
45 60 147
45 61 243
45 62 241
45 63 230
45 64 163
45 65 152
45 66 58
45 67 434
45 68 333
45 69 76
45 70 234
45 71 280
45 72 43
45 73 63
45 74 228
45 75 334
45 76 310
45 77 302
45 78 425
45 79 250
45 80 152
45 81 167
45 82 136
45 83 254
45 84 75
45 85 49
45 86 65
45 87 330
45 88 162
45 89 113
45 90 249
45 91 224
45 92 377
45 93 208
45 94 404
45 95 179
45 96 194
45 97 96
45 98 424
45 99 143
45 100 157
46 47 603
46 48 403
46 49 247
46 50 563
46 51 295
46 52 276
46 53 613
46 54 242
46 55 349
46 56 134
46 57 66
46 58 14
46 59 181
46 60 61
46 61 426
46 62 167
46 63 419
46 64 38
46 65 78
46 66 218
46 67 628
46 68 500
46 69 120
46 70 422
46 71 232
46 72 232
46 73 135
46 74 263
46 75 521
46 76 479
46 77 472
46 78 618
46 79 173
46 80 156
46 81 295
46 82 271
46 83 381
46 84 229
46 85 243
46 86 147
46 87 525
46 88 246
46 89 102
46 90 249
46 91 419
46 92 572
46 93 61
46 94 600
46 95 369
46 96 249
46 97 292
46 98 609
46 99 327
46 100 342
47 48 258
47 49 540
47 50 150
47 51 410
47 52 550
47 53 291
47 54 393
47 55 292
47 56 543
47 57 563
47 58 604
47 59 432
47 60 554
47 61 237
47 62 599
47 63 200
47 64 571
47 65 555
47 66 400
47 67 91
47 68 240
47 69 483
47 70 220
47 71 604
47 72 372
47 73 469
47 74 502
47 75 176
47 76 233
47 77 232
47 78 48
47 79 606
47 80 511
47 81 379
47 82 396
47 83 362
47 84 388
47 85 362
47 86 465
47 87 79
47 88 438
47 89 516
47 90 545
47 91 195
47 92 41
47 93 607
47 94 5
47 95 256
47 96 472
47 97 313
47 98 141
47 99 287
47 100 288
48 49 285
48 50 316
48 51 154
48 52 293
48 53 223
48 54 162
48 55 244
48 56 309
48 57 347
48 58 399
48 59 222
48 60 369
48 61 262
48 62 355
48 63 74
48 64 379
48 65 380
48 66 260
48 67 326
48 68 101
48 69 289
48 70 236
48 71 351
48 72 188
48 73 274
48 74 246
48 75 299
48 76 78
48 77 70
48 78 249
48 79 361
48 80 275
48 81 127
48 82 308
48 83 109
48 84 174
48 85 209
48 86 297
48 87 202
48 88 189
48 89 342
48 90 290
48 91 186
48 92 217
48 93 388
48 94 252
48 95 212
48 96 219
48 97 178
48 98 211
48 99 93
48 100 226
49 50 566
49 51 131
49 52 29
49 53 437
49 54 167
49 55 398
49 56 115
49 57 183
49 58 235
49 59 183
49 60 263
49 61 459
49 62 101
49 63 342
49 64 254
49 65 286
49 66 303
49 67 599
49 68 351
49 69 216
49 70 441
49 71 66
49 72 239
49 73 213
49 74 40
49 75 534
49 76 340
49 77 336
49 78 535
49 79 101
49 80 106
49 81 161
49 82 381
49 83 203
49 84 193
49 85 280
49 86 268
49 87 476
49 88 106
49 89 271
49 90 5
49 91 410
49 92 501
49 93 195
49 94 535
49 95 392
49 96 69
49 97 304
49 98 489
49 99 267
49 100 381
50 51 445
50 52 583
50 53 425
50 54 401
50 55 215
50 56 537
50 57 538
50 58 568
50 59 417
50 60 506
50 61 140
50 62 601
50 63 242
50 64 527
50 65 500
50 66 345
50 67 91
50 68 343
50 69 449
50 70 141
50 71 622
50 72 350
50 73 437
50 74 531
50 75 45
50 76 328
50 77 323
50 78 199
50 79 609
50 80 508
50 81 409
50 82 313
50 83 425
50 84 383
50 85 324
50 86 416
50 87 130
50 88 459
50 89 465
50 90 571
50 91 156
50 92 166
50 93 582
50 94 153
50 95 195
50 96 497
50 97 280
50 98 284
50 99 299
50 100 221
51 52 141
51 53 325
51 54 83
51 55 303
51 56 175
51 57 231
51 58 288
51 59 143
51 60 282
51 61 353
51 62 208
51 63 212
51 64 284
51 65 300
51 66 245
51 67 471
51 68 226
51 69 208
51 70 332
51 71 197
51 72 163
51 73 196
51 74 91
51 75 418
51 76 212
51 77 207
51 78 404
51 79 212
51 80 143
51 81 36
51 82 318
51 83 87
51 84 117
51 85 204
51 86 242
51 87 347
51 88 49
51 89 270
51 90 135
51 91 294
51 92 370
51 93 263
51 94 404
51 95 288
51 96 66
51 97 210
51 98 359
51 99 149
51 100 285
52 53 430
52 54 188
52 55 421
52 56 144
52 57 212
52 58 263
52 59 210
52 60 293
52 61 480
52 62 122
52 63 353
52 64 283
52 65 316
52 66 330
52 67 612
52 68 352
52 69 246
52 70 462
52 71 73
52 72 263
52 73 242
52 74 51
52 75 553
52 76 342
52 77 339
52 78 543
52 79 121
52 80 136
52 81 174
52 82 408
52 83 203
52 84 217
52 85 305
52 86 297
52 87 488
52 88 125
52 89 301
52 90 26
52 91 428
52 92 510
52 93 222
52 94 545
52 95 413
52 96 87
52 97 326
52 98 491
52 99 283
52 100 403
53 54 371
53 55 446
53 56 501
53 57 552
53 58 607
53 59 437
53 60 587
53 61 437
53 62 529
53 63 256
53 64 594
53 65 599
53 66 484
53 67 383
53 68 123
53 69 507
53 70 411
53 71 502
53 72 411
53 73 492
53 74 398
53 75 430
53 76 147
53 77 155
53 78 249
53 79 532
53 80 468
53 81 318
53 82 526
53 83 239
53 84 391
53 85 432
53 86 520
53 87 297
53 88 374
53 89 563
53 90 440
53 91 361
53 92 262
53 93 588
53 94 286
53 95 409
53 96 387
53 97 398
53 98 153
53 99 316
53 100 431
54 55 233
54 56 151
54 57 185
54 58 238
54 59 67
54 60 216
54 61 292
54 62 206
54 63 194
54 64 222
54 65 231
54 66 162
54 67 441
54 68 257
54 69 137
54 70 274
54 71 221
54 72 82
54 73 123
54 74 138
54 75 368
54 76 237
54 77 230
54 78 397
54 79 213
54 80 117
54 81 61
54 82 236
54 83 150
54 84 34
54 85 124
54 86 163
54 87 322
54 88 63
54 89 197
54 90 172
54 91 244
54 92 356
54 93 226
54 94 389
54 95 225
54 96 102
54 97 138
54 98 373
54 99 106
54 100 215
55 56 341
55 57 330
55 58 355
55 59 223
55 60 291
55 61 76
55 62 409
55 63 191
55 64 312
55 65 284
55 66 131
55 67 290
55 68 328
55 69 240
55 70 77
55 71 443
55 72 159
55 73 230
55 74 371
55 75 172
55 76 304
55 77 296
55 78 324
55 79 418
55 80 318
55 81 268
55 82 104
55 83 325
55 84 204
55 85 122
55 86 202
55 87 216
55 88 297
55 89 249
55 90 402
55 91 100
55 92 273
55 93 374
55 94 290
55 95 39
55 96 335
55 97 94
55 98 360
55 99 167
55 100 19
56 57 68
56 58 123
56 59 120
56 60 149
56 61 413
56 62 68
56 63 345
56 64 138
56 65 173
56 66 224
56 67 586
56 68 397
56 69 118
56 70 401
56 71 118
56 72 187
56 73 120
56 74 129
56 75 499
56 76 380
56 77 374
56 78 548
56 79 77
56 80 34
56 81 186
56 82 299
56 83 263
56 84 156
56 85 219
56 86 171
56 87 470
56 88 127
56 89 163
56 90 117
56 91 381
56 92 507
56 93 89
56 94 539
56 95 347
56 96 119
56 97 258
56 98 521
56 99 255
56 100 328
57 58 57
57 59 131
57 60 86
57 61 405
57 62 115
57 63 371
57 64 71
57 65 110
57 66 202
57 67 596
57 68 441
57 69 89
57 70 397
57 71 177
57 72 192
57 73 100
57 74 197
57 75 497
57 76 422
57 77 415
57 78 574
57 79 123
57 80 90
57 81 233
57 82 268
57 83 317
57 84 178
57 85 213
57 86 136
57 87 486
57 88 182
57 89 110
57 90 186
57 91 387
57 92 529
57 93 44
57 94 559
57 95 343
57 96 183
57 97 259
57 98 557
57 99 279
57 100 319
58 59 178
58 60 71
58 61 431
58 62 153
58 63 418
58 64 47
58 65 89
58 66 224
58 67 631
58 68 495
58 69 121
58 70 426
58 71 219
58 72 232
58 73 135
58 74 252
58 75 526
58 76 475
58 77 468
58 78 618
58 79 159
58 80 147
58 81 289
58 82 279
58 83 374
58 84 226
58 85 246
58 86 153
58 87 527
58 88 238
58 89 110
58 90 237
58 91 422
58 92 572
58 93 47
58 94 601
58 95 373
58 96 240
58 97 294
58 98 607
58 99 326
58 100 346
59 60 149
59 61 293
59 62 186
59 63 240
59 64 157
59 65 163
59 66 119
59 67 469
59 68 321
59 69 69
59 70 280
59 71 221
59 72 67
59 73 55
59 74 168
59 75 379
59 76 300
59 77 292
59 78 442
59 79 195
59 80 94
59 81 128
59 82 197
59 83 217
59 84 48
59 85 101
59 86 99
59 87 356
59 88 105
59 89 129
59 90 188
59 91 262
59 92 398
59 93 175
59 94 428
59 95 227
59 96 134
59 97 137
59 98 428
59 99 148
59 100 209
60 61 367
60 62 201
60 63 376
60 64 23
60 65 24
60 66 160
60 67 574
60 68 469
60 69 80
60 70 365
60 71 263
60 72 187
60 73 95
60 74 269
60 75 463
60 76 448
60 77 440
60 78 572
60 79 209
60 80 160
60 81 274
60 82 209
60 83 364
60 84 195
60 85 191
60 86 90
60 87 475
60 88 236
60 89 41
60 90 266
60 91 365
60 92 524
60 93 109
60 94 550
60 95 312
60 96 248
60 97 240
60 98 569
60 99 286
60 100 284
61 62 480
61 63 194
61 64 389
61 65 361
61 66 207
61 67 220
61 68 328
61 69 316
61 70 26
61 71 509
61 72 227
61 73 305
61 74 430
61 75 96
61 76 306
61 77 299
61 78 275
61 79 488
61 80 387
61 81 317
61 82 173
61 83 359
61 84 267
61 85 194
61 86 278
61 87 169
61 88 355
61 89 326
61 90 464
61 91 78
61 92 227
61 93 449
61 94 236
61 95 67
61 96 393
61 97 156
61 98 329
61 99 206
61 100 86
62 63 399
62 64 184
62 65 225
62 66 292
62 67 647
62 68 434
62 69 184
62 70 467
62 71 65
62 72 253
62 73 188
62 74 133
62 75 565
62 76 420
62 77 415
62 78 601
62 79 8
62 80 93
62 81 228
62 82 367
62 83 291
62 84 218
62 85 287
62 86 238
62 87 528
62 88 166
62 89 222
62 90 100
62 91 445
62 92 561
62 93 107
62 94 595
62 95 413
62 96 143
62 97 324
62 98 566
62 99 313
62 100 395
63 64 390
63 65 382
63 66 242
63 67 258
63 68 137
63 69 299
63 70 168
63 71 404
63 72 188
63 73 284
63 74 304
63 75 225
63 76 114
63 77 106
63 78 203
63 79 406
63 80 312
63 81 180
63 82 272
63 83 182
63 84 193
63 85 193
63 86 294
63 87 134
63 88 238
63 89 343
63 90 346
63 91 116
63 92 162
63 93 415
63 94 195
63 95 154
63 96 272
63 97 150
63 98 194
63 99 92
63 100 175
64 65 43
64 66 181
64 67 593
64 68 478
64 69 91
64 70 385
64 71 248
64 72 202
64 73 106
64 74 263
64 75 484
64 76 457
64 77 450
64 78 588
64 79 192
64 80 154
64 81 279
64 82 232
64 83 367
64 84 205
64 85 209
64 86 110
64 87 492
64 88 236
64 89 64
64 90 256
64 91 384
64 92 540
64 93 88
64 94 568
64 95 333
64 96 245
64 97 258
64 98 582
64 99 299
64 100 305
65 66 157
65 67 571
65 68 480
65 69 93
65 70 360
65 71 287
65 72 194
65 73 107
65 74 292
65 75 457
65 76 458
65 77 450
65 78 574
65 79 233
65 80 182
65 81 290
65 82 197
65 83 380
65 84 208
65 85 193
65 86 90
65 87 476
65 88 255
65 89 39
65 90 289
65 91 364
65 92 526
65 93 131
65 94 552
65 95 309
65 96 269
65 97 242
65 98 576
65 99 294
65 100 279
66 67 414
66 68 360
66 69 113
66 70 204
66 71 336
66 72 83
66 73 105
66 74 286
66 75 302
66 76 337
66 77 328
66 78 423
66 79 301
66 80 207
66 81 218
66 82 78
66 83 300
66 84 128
66 85 51
66 86 71
66 87 321
66 88 219
66 89 120
66 90 307
66 91 207
66 92 373
66 93 244
66 94 397
66 95 152
66 96 252
66 97 92
66 98 435
66 99 167
66 100 123
67 68 325
67 69 511
67 70 213
67 71 659
67 72 404
67 73 497
67 74 561
67 75 132
67 76 315
67 77 313
67 78 136
67 79 654
67 80 555
67 81 437
67 82 393
67 83 434
67 84 429
67 85 385
67 86 483
67 87 124
67 88 493
67 89 534
67 90 603
67 91 209
67 92 125
67 93 641
67 94 96
67 95 262
67 96 529
67 97 337
67 98 232
67 99 334
67 100 292
68 69 389
68 70 301
68 71 418
68 72 290
68 73 374
68 74 311
68 75 339
68 76 24
68 77 32
68 78 213
68 79 439
68 80 363
68 81 210
68 82 403
68 83 149
68 84 273
68 85 309
68 86 398
68 87 214
68 88 271
68 89 443
68 90 355
68 91 249
68 92 201
68 93 480
68 94 234
68 95 292
68 96 292
68 97 275
68 98 141
68 99 193
68 100 311
69 70 309
69 71 235
69 72 112
69 73 15
69 74 212
69 75 409
69 76 367
69 77 360
69 78 498
69 79 193
69 80 111
69 81 196
69 82 183
69 83 286
69 84 115
69 85 125
69 86 53
69 87 405
69 88 165
69 89 62
69 90 220
69 91 301
69 92 451
69 93 133
69 94 480
69 95 254
69 96 185
69 97 173
69 98 491
69 99 208
69 100 230
70 71 493
70 72 214
70 73 297
70 74 411
70 75 99
70 76 279
70 77 272
70 78 256
70 79 475
70 80 374
70 81 295
70 82 180
70 83 334
70 84 251
70 85 184
70 86 275
70 87 148
70 88 336
70 89 324
70 90 446
70 91 51
70 92 206
70 93 442
70 94 219
70 95 54
70 96 375
70 97 143
70 98 305
70 99 184
70 100 80
71 72 283
71 73 236
71 74 107
71 75 589
71 76 407
71 77 402
71 78 600
71 79 60
71 80 128
71 81 225
71 82 413
71 83 269
71 84 242
71 85 321
71 86 289
71 87 537
71 88 166
71 89 281
71 90 62
71 91 466
71 92 565
71 93 173
71 94 599
71 95 442
71 96 132
71 97 352
71 98 555
71 99 325
71 100 427
72 73 97
72 74 216
72 75 312
72 76 267
72 77 259
72 78 386
72 79 261
72 80 160
72 81 135
72 82 155
72 83 217
72 84 48
72 85 42
72 86 109
72 87 295
72 88 143
72 89 155
72 90 244
72 91 196
72 92 339
72 93 237
72 94 368
72 95 160
72 96 179
72 97 70
72 98 382
72 99 99
72 100 144
73 74 206
73 75 397
73 76 352
73 77 345
73 78 483
73 79 197
73 80 109
73 81 183
73 82 178
73 83 273
73 84 100
73 85 113
73 86 55
73 87 391
73 88 154
73 89 74
73 90 217
73 91 288
73 92 436
73 93 144
73 94 465
73 95 243
73 96 177
73 97 160
73 98 476
73 99 193
73 100 219
74 75 502
74 76 299
74 77 295
74 78 495
74 79 135
74 80 109
74 81 124
74 82 364
74 83 163
74 84 168
74 85 258
74 86 260
74 87 438
74 88 75
74 89 271
74 90 44
74 91 377
74 92 462
74 93 216
74 94 496
74 95 363
74 96 36
74 97 277
74 98 448
74 99 232
74 100 354
75 76 321
75 77 315
75 78 222
75 79 573
75 80 472
75 81 381
75 82 268
75 83 405
75 84 348
75 85 284
75 86 373
75 87 134
75 88 428
75 89 422
75 90 539
75 91 124
75 92 182
75 93 542
75 94 177
75 95 154
75 96 466
75 97 242
75 98 298
75 99 269
75 100 179
76 77 8
76 78 211
76 79 425
76 80 346
76 81 194
76 82 379
76 83 140
76 84 252
76 85 285
76 86 376
76 87 200
76 88 255
76 89 421
76 90 344
76 91 228
76 92 193
76 93 462
76 94 227
76 95 268
76 96 278
76 97 251
76 98 149
76 99 170
76 100 288
77 78 211
77 79 420
77 80 340
77 81 188
77 82 371
77 83 137
77 84 244
77 85 277
77 86 368
77 87 196
77 88 249
77 89 413
77 90 340
77 91 220
77 92 191
77 93 455
77 94 226
77 95 260
77 96 273
77 97 242
77 98 152
77 99 161
77 100 279
78 79 607
78 80 515
78 81 375
78 82 427
78 83 347
78 84 396
78 85 381
78 86 484
78 87 108
78 88 437
78 89 535
78 90 540
78 91 224
78 92 50
78 93 618
78 94 45
78 95 286
78 96 468
78 97 333
78 98 96
78 99 295
78 100 317
79 80 101
79 81 234
79 82 376
79 83 295
79 84 226
79 85 295
79 86 246
79 87 535
79 88 171
79 89 231
79 90 100
79 91 453
79 92 568
79 93 113
79 94 601
79 95 422
79 96 147
79 97 332
79 98 571
79 99 320
79 100 404
80 81 152
80 82 284
80 83 231
80 84 126
80 85 195
80 86 163
80 87 438
80 88 94
80 89 165
80 90 110
80 91 352
80 92 474
80 93 119
80 94 506
80 95 321
80 96 92
80 97 231
80 98 487
80 99 223
80 100 303
81 82 289
81 83 89
81 84 92
81 85 174
81 86 224
81 87 314
81 88 62
81 89 257
81 90 166
81 91 257
81 92 339
81 93 270
81 94 374
81 95 252
81 96 93
81 97 175
81 98 337
81 99 112
81 100 249
82 83 365
82 84 202
82 85 114
82 86 132
82 87 319
82 88 296
82 89 169
82 90 385
82 91 203
82 92 376
82 93 308
82 94 394
82 95 140
82 96 329
82 97 130
82 98 456
82 99 217
82 100 109
83 84 180
83 85 252
83 86 313
83 87 311
83 88 136
83 89 347
83 90 206
83 91 287
83 92 321
83 93 351
83 94 356
83 95 301
83 96 148
83 97 240
83 98 289
83 99 158
83 100 306
84 85 90
84 86 133
84 87 313
84 88 95
84 89 171
84 90 198
84 91 226
84 92 352
84 93 221
84 94 383
84 95 200
84 96 132
84 97 110
84 98 380
84 99 101
84 100 187
85 86 103
85 87 283
85 88 185
85 89 154
85 90 284
85 91 175
85 92 333
85 93 258
85 94 359
85 95 130
85 96 221
85 97 49
85 98 388
85 99 115
85 100 108
86 87 386
86 88 205
86 89 51
86 90 272
86 91 275
86 92 436
86 93 176
86 94 462
86 95 222
86 96 230
86 97 152
86 98 488
86 99 208
86 100 194
87 88 371
87 89 437
87 90 480
87 91 117
87 92 58
87 93 531
87 94 76
87 95 179
87 96 406
87 97 234
87 98 166
87 99 215
87 100 210
88 89 227
88 90 111
88 91 303
88 92 399
88 93 214
88 94 433
88 95 288
88 96 38
88 97 202
88 98 400
88 99 160
88 100 279
89 90 274
89 91 326
89 92 487
89 93 142
89 94 513
89 95 272
89 96 245
89 97 203
89 98 537
89 99 255
89 100 243
90 91 415
90 92 505
90 93 196
90 94 540
90 95 397
90 96 74
90 97 309
90 98 493
90 99 272
90 100 386
91 92 173
91 93 432
91 94 192
91 95 62
91 96 342
91 97 128
91 98 261
91 99 145
91 100 93
92 93 573
92 94 35
92 95 236
92 96 432
92 97 284
92 98 117
92 99 251
92 100 267
93 94 603
93 95 388
93 96 209
93 97 304
93 98 599
93 99 323
93 100 363
94 95 254
94 96 467
94 97 310
94 98 136
94 99 283
94 100 286
95 96 326
95 97 89
95 98 321
95 99 144
95 100 31
96 97 240
96 98 426
96 99 198
96 100 317
97 98 343
97 99 87
97 100 77
98 99 282
98 100 349
99 100 148
1 1
2 2
3 2
4 2
5 2
6 2
7 2
8 2
9 2
10 2
11 2
12 2
13 2
14 2
15 2
16 2
17 2
18 2
19 2
20 2
21 2
22 2
23 2
24 2
25 2
26 2
27 2
28 2
29 2
30 2
31 2
32 2
33 2
34 2
35 2
36 2
37 2
38 2
39 2
40 2
41 2
42 2
43 2
44 2
45 2
46 2
47 2
48 2
49 2
50 2
51 2
52 2
53 2
54 2
55 2
56 2
57 2
58 2
59 2
60 2
61 2
62 2
63 2
64 2
65 2
66 2
67 2
68 2
69 2
70 2
71 2
72 2
73 2
74 2
75 2
76 2
77 2
78 2
79 2
80 2
81 2
82 2
83 2
84 2
85 2
86 2
87 2
88 2
89 2
90 2
91 2
92 2
93 2
94 2
95 2
96 2
97 2
98 2
99 2
100 2