100 4950
1 2 490
1 3 341
1 4 28
1 5 499
1 6 526
1 7 242
1 8 68
1 9 84
1 10 498
1 11 453
1 12 72
1 13 110
1 14 324
1 15 149
1 16 395
1 17 180
1 18 71
1 19 198
1 20 337
1 21 234
1 22 290
1 23 517
1 24 132
1 25 127
1 26 110
1 27 188
1 28 217
1 29 166
1 30 108
1 31 84
1 32 403
1 33 421
1 34 526
1 35 78
1 36 23
1 37 158
1 38 172
1 39 295
1 40 334
1 41 379
1 42 453
1 43 77
1 44 148
1 45 504
1 46 171
1 47 270
1 48 395
1 49 419
1 50 368
1 51 294
1 52 381
1 53 163
1 54 358
1 55 441
1 56 192
1 57 323
1 58 37
1 59 298
1 60 500
1 61 203
1 62 344
1 63 511
1 64 406
1 65 464
1 66 283
1 67 196
1 68 95
1 69 298
1 70 119
1 71 262
1 72 112
1 73 110
1 74 418
1 75 91
1 76 116
1 77 120
1 78 504
1 79 56
1 80 73
1 81 339
1 82 257
1 83 253
1 84 245
1 85 300
1 86 270
1 87 270
1 88 478
1 89 398
1 90 272
1 91 205
1 92 371
1 93 247
1 94 208
1 95 140
1 96 402
1 97 56
1 98 344
1 99 117
1 100 20
2 3 201
2 4 465
2 5 124
2 6 47
2 7 267
2 8 434
2 9 569
2 10 89
2 11 300
2 12 519
2 13 574
2 14 426
2 15 343
2 16 399
2 17 310
2 18 556
2 19 340
2 20 200
2 21 286
2 22 399
2 23 156
2 24 389
2 25 493
2 26 414
2 27 424
2 28 305
2 29 359
2 30 599
2 31 545
2 32 134
2 33 362
2 34 122
2 35 431
2 36 491
2 37 454
2 38 396
2 39 195
2 40 156
2 41 239
2 42 58
2 43 559
2 44 363
2 45 236
2 46 403
2 47 448
2 48 338
2 49 229
2 50 229
2 51 536
2 52 171
2 53 488
2 54 264
2 55 406
2 56 321
2 57 289
2 58 478
2 59 297
2 60 259
2 61 387
2 62 166
2 63 26
2 64 151
2 65 351
2 66 517
2 67 489
2 68 585
2 69 375
2 70 532
2 71 304
2 72 378
2 73 407
2 74 72
2 75 475
2 76 454
2 77 514
2 78 70
2 79 543
2 80 459
2 81 151
2 82 233
2 83 308
2 84 397
2 85 436
2 86 228
2 87 357
2 88 251
2 89 96
2 90 363
2 91 356
2 92 379
2 93 431
2 94 536
2 95 541
2 96 99
2 97 547
2 98 247
2 99 596
2 100 500
3 4 321
3 5 285
3 6 248
3 7 200
3 8 275
3 9 425
3 10 260
3 11 384
3 12 350
3 13 402
3 14 418
3 15 219
3 16 431
3 17 177
3 18 412
3 19 266
3 20 215
3 21 224
3 22 199
3 23 317
3 24 216
3 25 309
3 26 302
3 27 230
3 28 126
3 29 267
3 30 444
3 31 375
3 32 72
3 33 414
3 34 299
3 35 305
3 36 334
3 37 264
3 38 316
3 39 123
3 40 122
3 41 292
3 42 200
3 43 417
3 44 259
3 45 365
3 46 323
3 47 412
3 48 382
3 49 309
3 50 53
3 51 335
3 52 41
3 53 399
3 54 298
3 55 457
3 56 233
3 57 91
3 58 341
3 59 96
3 60 379
3 61 193
3 62 46
3 63 227
3 64 234
3 65 427
3 66 316
3 67 414
3 68 429
3 69 363
3 70 351
3 71 106
3 72 237
3 73 293
3 74 143
3 75 300
3 76 273
3 77 405
3 78 181
3 79 386
3 80 291
3 81 121
3 82 129
3 83 112
3 84 355
3 85 415
3 86 85
3 87 331
3 88 361
3 89 155
3 90 162
3 91 165
3 92 404
3 93 387
3 94 340
3 95 433
3 96 103
3 97 394
3 98 273
3 99 457
3 100 356
4 5 472
4 6 500
4 7 214
4 8 58
4 9 106
4 10 470
4 11 425
4 12 93
4 13 137
4 14 301
4 15 122
4 16 371
4 17 155
4 18 92
4 19 170
4 20 309
4 21 206
4 22 286
4 23 489
4 24 120
4 25 138
4 26 83
4 27 186
4 28 199
4 29 138
4 30 135
4 31 110
4 32 381
4 33 394
4 34 499
4 35 51
4 36 44
4 37 161
4 38 147
4 39 269
4 40 308
4 41 351
4 42 426
4 43 97
4 44 120
4 45 476
4 46 146
4 47 250
4 48 368
4 49 391
4 50 351
4 51 303
4 52 361
4 53 149
4 54 330
4 55 416
4 56 163
4 57 309
4 58 26
4 59 284
4 60 472
4 61 197
4 62 321
4 63 485
4 64 378
4 65 437
4 66 290
4 67 181
4 68 122
4 69 273
4 70 138
4 71 247
4 72 87
4 73 82
4 74 392
4 75 99
4 76 119
4 77 114
4 78 480
4 79 84
4 80 76
4 81 313
4 82 231
4 83 238
4 84 221
4 85 278
4 86 247
4 87 244
4 88 450
4 89 372
4 90 265
4 91 194
4 92 346
4 93 225
4 94 222
4 95 137
4 96 378
4 97 83
4 98 316
4 99 136
4 100 36
5 6 100
5 7 258
5 8 456
5 9 570
5 10 35
5 11 190
5 12 544
5 13 597
5 14 352
5 15 351
5 16 306
5 17 330
5 18 556
5 19 317
5 20 165
5 21 268
5 22 479
5 23 33
5 24 425
5 25 533
5 26 404
5 27 480
5 28 357
5 29 344
5 30 606
5 31 568
5 32 235
5 33 261
5 34 29
5 35 428
5 36 506
5 37 503
5 38 368
5 39 221
5 40 187
5 41 160
5 42 87
5 43 558
5 44 355
5 45 113
5 46 374
5 47 388
5 48 244
5 49 133
5 50 326
5 51 607
5 52 268
5 53 455
5 54 190
5 55 302
5 56 310
5 57 376
5 58 479
5 59 377
5 60 138
5 61 446
5 62 241
5 63 111
5 64 94
5 65 240
5 66 588
5 67 448
5 68 594
5 69 309
5 70 566
5 71 373
5 72 392
5 73 399
5 74 143
5 75 507
5 76 492
5 77 493
5 78 195
5 79 555
5 80 486
5 81 185
5 82 258
5 83 375
5 84 345
5 85 368
5 86 276
5 87 302
5 88 134
5 89 131
5 90 439
5 91 413
5 92 292
5 93 377
5 94 590
5 95 518
5 96 186
5 97 555
5 98 183
5 99 591
5 100 505
6 7 295
6 8 473
6 9 603
6 10 67
6 11 289
6 12 559
6 13 613
6 14 434
6 15 377
6 16 398
6 17 347
6 18 590
6 19 365
6 20 217
6 21 312
6 22 447
6 23 128
6 24 430
6 25 536
6 26 445
6 27 469
6 28 349
6 29 387
6 30 635
6 31 584
6 32 182
6 33 356
6 34 88
6 35 463
6 36 529
6 37 498
6 38 421
6 39 231
6 40 192
6 41 242
6 42 75
6 43 593
6 44 394
6 45 213
6 46 427
6 47 462
6 48 336
6 49 224
6 50 277
6 51 583
6 52 219
6 53 512
6 54 269
6 55 399
6 56 349
6 57 336
6 58 512
6 59 344
6 60 239
6 61 433
6 62 212
6 63 21
6 64 157
6 65 340
6 66 564
6 67 510
6 68 621
6 69 385
6 70 573
6 71 350
6 72 415
6 73 438
6 74 113
6 75 516
6 76 496
6 77 542
6 78 106
6 79 580
6 80 499
6 81 187
6 82 270
6 83 354
6 84 413
6 85 447
6 86 270
6 87 372
6 88 234
6 89 128
6 90 410
6 91 401
6 92 381
6 93 447
6 94 581
6 95 568
6 96 146
6 97 583
6 98 256
6 99 629
6 100 535
7 8 204
7 9 312
7 10 258
7 11 241
7 12 290
7 13 343
7 14 219
7 15 96
7 16 244
7 17 89
7 18 299
7 19 74
7 20 95
7 21 24
7 22 311
7 23 275
7 24 189
7 25 292
7 26 149
7 27 265
7 28 161
7 29 91
7 30 348
7 31 313
7 32 227
7 33 241
7 34 285
7 35 171
7 36 250
7 37 275
7 38 131
7 39 85
7 40 117
7 41 151
7 42 220
7 43 301
7 44 99
7 45 270
7 46 138
7 47 212
7 48 209
7 49 187
7 50 252
7 51 407
7 52 226
7 53 222
7 54 139
7 55 279
7 56 54
7 57 253
7 58 221
7 59 237
7 60 271
7 61 242
7 62 171
7 63 283
7 64 164
7 65 270
7 66 389
7 67 228
7 68 336
7 69 164
7 70 319
7 71 209
7 72 139
7 73 143
7 74 199
7 75 260
7 76 252
7 77 247
7 78 301
7 79 298
7 80 237
7 81 122
7 82 72
7 83 205
7 84 155
7 85 214
7 86 119
7 87 131
7 88 249
7 89 171
7 90 271
7 91 211
7 92 216
7 93 187
7 94 363
7 95 274
7 96 200
7 97 297
7 98 118
7 99 335
7 100 247
8 9 152
8 10 450
8 11 434
8 12 87
8 13 141
8 14 333
8 15 108
8 16 395
8 17 126
8 18 140
8 19 180
8 20 298
8 21 202
8 22 228
8 23 477
8 24 64
8 25 99
8 26 113
8 27 130
8 28 149
8 29 149
8 30 169
8 31 112
8 32 339
8 33 413
8 34 481
8 35 84
8 36 59
8 37 109
8 38 175
8 39 242
8 40 281
8 41 351
8 42 401
8 43 145
8 44 127
8 45 474
8 46 176
8 47 287
8 48 384
8 49 390
8 50 300
8 51 254
8 52 316
8 53 199
8 54 334
8 55 439
8 56 162
8 57 255
8 58 84
8 59 229
8 60 473
8 61 139
8 62 281
8 63 456
8 64 365
8 65 452
8 66 240
8 67 229
8 68 154
8 69 297
8 70 116
8 71 193
8 72 65
8 73 107
8 74 362
8 75 61
8 76 69
8 77 171
8 78 443
8 79 111
8 80 34
8 81 285
8 82 203
8 83 184
8 84 250
8 85 313
8 86 209
8 87 264
8 88 451
8 89 345
8 90 207
8 91 137
8 92 369
8 93 261
8 94 182
8 95 195
8 96 342
8 97 119
8 98 317
8 99 186
8 100 86
9 10 571
9 11 502
9 12 113
9 13 110
9 14 347
9 15 226
9 16 426
9 17 261
9 18 13
9 19 256
9 20 405
9 21 301
9 22 364
9 23 585
9 24 216
9 25 183
9 26 166
9 27 261
9 28 301
9 29 226
9 30 45
9 31 104
9 32 487
9 33 459
9 34 597
9 35 141
9 36 96
9 37 226
9 38 216
9 39 374
9 40 413
9 41 438
9 42 529
9 43 12
9 44 214
9 45 563
9 46 212
9 47 287
9 48 437
9 49 478
9 50 453
9 51 344
9 52 466
9 53 167
9 54 413
9 55 471
9 56 259
9 57 406
9 58 91
9 59 381
9 60 555
9 61 281
9 62 427
9 63 589
9 64 475
9 65 505
9 66 337
9 67 199
9 68 46
9 69 334
9 70 156
9 71 345
9 72 193
9 73 170
9 74 497
9 75 157
9 76 188
9 77 111
9 78 586
9 79 58
9 80 148
9 81 418
9 82 337
9 83 336
9 84 278
9 85 320
9 86 353
9 87 312
9 88 534
9 89 476
9 90 351
9 91 287
9 92 405
9 93 270
9 94 252
9 95 112
9 96 484
9 97 42
9 98 404
9 99 34
9 100 70
10 11 222
10 12 538
10 13 592
10 14 373
10 15 348
10 16 333
10 17 323
10 18 557
10 19 322
10 20 170
10 21 272
10 22 457
10 23 67
10 24 414
10 25 522
10 26 407
10 27 465
10 28 342
10 29 348
10 30 605
10 31 562
10 32 206
10 33 290
10 34 38
10 35 429
10 36 503
10 37 489
10 38 376
10 39 210
10 40 173
10 41 181
10 42 59
10 43 559
10 44 357
10 45 148
10 46 382
10 47 406
10 48 271
10 49 159
10 50 299
10 51 588
10 52 240
10 53 465
10 54 209
10 55 333
10 56 312
10 57 351
10 58 479
10 59 355
10 60 173
10 61 430
10 62 218
10 63 75
10 64 102
10 65 273
10 66 569
10 67 461
10 68 593
10 69 327
10 70 557
10 71 353
10 72 388
10 73 401
10 74 117
10 75 498
10 76 482
10 77 500
10 78 159
10 79 553
10 80 479
10 81 170
10 82 248
10 83 356
10 84 360
10 85 388
10 86 261
10 87 317
10 88 167
10 89 112
10 90 418
10 91 397
10 92 317
10 93 393
10 94 576
10 95 525
10 96 159
10 97 554
10 98 199
10 99 594
10 100 504
11 12 515
11 13 563
11 14 195
11 15 329
11 16 127
11 17 331
11 18 490
11 19 256
11 20 171
11 21 234
11 22 544
11 23 174
11 24 430
11 25 529
11 26 343
11 27 507
11 28 396
11 29 288
11 30 545
11 31 535
11 32 365
11 33 77
11 34 213
11 35 375
11 36 468
11 37 516
11 38 286
11 39 270
11 40 261
11 41 95
11 42 244
11 43 490
11 44 308
11 45 94
11 46 289
11 47 249
11 48 74
11 49 76
11 50 436
11 51 648
11 52 387
11 53 351
11 54 102
11 55 113
11 56 272
11 57 464
11 58 422
11 59 455
11 60 71
11 61 482
11 62 339
11 63 295
11 64 160
11 65 51
11 66 630
11 67 332
11 68 538
11 69 175
11 70 551
11 71 436
11 72 370
11 73 343
11 74 280
11 75 494
11 76 491
11 77 402
11 78 368
11 79 507
11 80 468
11 81 263
11 82 291
11 83 434
11 84 229
11 85 220
11 86 331
11 87 190
11 88 60
11 89 248
11 90 502
11 91 450
11 92 124
11 93 250
11 94 604
11 95 419
11 96 315
11 97 502
11 98 124
11 99 513
11 100 451
12 13 54
12 14 395
12 15 194
12 16 464
12 17 214
12 18 106
12 19 258
12 20 385
12 21 288
12 22 256
12 23 564
12 24 134
12 25 70
12 26 177
12 27 153
12 28 223
12 29 226
12 30 106
12 31 25
12 32 418
12 33 487
12 34 569
12 35 144
12 36 50
12 37 115
12 38 240
12 39 329
12 40 367
12 41 436
12 42 488
12 43 113
12 44 207
12 45 560
12 46 240
12 47 342
12 48 460
12 49 475
12 50 368
12 51 232
12 52 391
12 53 234
12 54 416
12 55 509
12 56 246
12 57 313
12 58 109
12 59 289
12 60 557
12 61 180
12 62 362
12 63 542
12 64 453
12 65 529
12 66 224
12 67 268
12 68 89
12 69 367
12 70 48
12 71 256
12 72 151
12 73 174
12 74 447
12 75 52
12 76 83
12 77 188
12 78 524
12 79 55
12 80 60
12 81 372
12 82 290
12 83 247
12 84 315
12 85 371
12 86 292
12 87 337
12 88 535
12 89 432
12 90 249
12 91 194
12 92 439
12 93 318
12 94 142
12 95 203
12 96 425
12 97 71
12 98 401
12 99 147
12 100 86
13 14 433
13 15 247
13 16 505
13 17 268
13 18 110
13 19 307
13 20 438
13 21 339
13 22 292
13 23 618
13 24 187
13 25 103
13 26 221
13 27 193
13 28 276
13 29 274
13 30 82
13 31 29
13 32 471
13 33 531
13 34 623
13 35 188
13 36 95
13 37 154
13 38 283
13 39 383
13 40 422
13 41 487
13 42 543
13 43 117
13 44 256
13 45 611
13 46 282
13 47 377
13 48 505
13 49 526
13 50 417
13 51 243
13 52 443
13 53 262
13 54 466
13 55 551
13 56 297
13 57 360
13 58 145
13 59 336
13 60 608
13 61 224
13 62 416
13 63 596
13 64 506
13 65 575
13 66 239
13 67 295
13 68 69
13 69 409
13 70 62
13 71 305
13 72 205
13 73 220
13 74 501
13 75 102
13 76 130
13 77 210
13 78 577
13 79 64
13 80 114
13 81 426
13 82 344
13 83 297
13 84 355
13 85 408
13 86 346
13 87 381
13 88 586
13 89 487
13 90 290
13 91 242
13 92 482
13 93 355
13 94 150
13 95 219
13 96 479
13 97 77
13 98 452
13 99 137
13 100 117
14 15 256
14 16 82
14 17 283
14 18 338
14 19 172
14 20 230
14 21 197
14 22 514
14 23 348
14 24 358
14 25 432
14 26 221
14 27 444
14 28 368
14 29 193
14 30 393
14 31 409
14 32 434
14 33 127
14 34 379
14 35 253
14 36 345
14 37 437
14 38 158
14 39 297
14 40 315
14 41 192
14 42 368
14 43 336
14 44 214
14 45 284
14 46 157
14 47 62
14 48 121
14 49 220
14 50 471
14 51 583
14 52 440
14 53 180
14 54 164
14 55 127
14 56 206
14 57 471
14 58 288
14 59 453
14 60 265
14 61 432
14 62 385
14 63 432
14 64 277
14 65 176
14 66 567
14 67 153
14 68 390
14 69 56
14 70 440
14 71 422
14 72 285
14 73 226
14 74 377
14 75 393
14 76 402
14 77 237
14 78 481
14 79 370
14 80 366
14 81 319
14 82 292
14 83 416
14 84 83
14 85 28
14 86 338
14 87 88
14 88 250
14 89 342
14 90 477
14 91 408
14 92 72
14 93 78
14 94 516
14 95 246
14 96 395
14 97 360
14 98 179
14 99 349
14 100 315
15 16 305
15 17 42
15 18 212
15 19 85
15 20 191
15 21 95
15 22 259
15 23 370
15 24 105
15 25 200
15 26 82
15 27 189
15 28 122
15 29 63
15 30 257
15 31 217
15 32 270
15 33 315
15 34 377
15 35 89
15 36 155
15 37 190
15 38 110
15 39 147
15 40 187
15 41 244
15 42 304
15 43 216
15 44 46
15 45 366
15 46 115
15 47 225
15 48 285
15 49 282
15 50 260
15 51 331
15 52 256
15 53 181
15 54 227
15 55 346
15 56 58
15 57 237
15 58 134
15 59 214
15 60 365
15 61 175
15 62 209
15 63 363
15 64 259
15 65 351
15 66 314
15 67 201
15 68 244
15 69 210
15 70 224
15 71 178
15 72 43
15 73 73
15 74 271
15 75 166
15 76 161
15 77 185
15 78 363
15 79 204
15 80 141
15 81 191
15 82 111
15 83 171
15 84 175
15 85 241
15 86 136
15 87 175
15 88 343
15 89 250
15 90 224
15 91 153
15 92 277
15 93 197
15 94 276
15 95 214
15 96 260
15 97 206
15 98 209
15 99 253
15 100 157
16 17 323
16 18 416
16 19 220
16 20 221
16 21 226
16 22 554
16 23 295
16 24 410
16 25 495
16 26 287
16 27 494
16 28 404
16 29 247
16 30 471
16 31 480
16 32 432
16 33 50
16 34 331
16 35 320
16 36 415
16 37 493
16 38 224
16 39 307
16 40 315
16 41 160
16 42 340
16 43 414
16 44 269
16 45 221
16 46 224
16 47 144
16 48 62
16 49 174
16 50 484
16 51 636
16 52 445
16 53 261
16 54 139
16 55 45
16 56 249
16 57 496
16 58 360
16 59 481
16 60 198
16 61 478
16 62 391
16 63 399
16 64 247
16 65 96
16 66 619
16 67 235
16 68 467
16 69 97
16 70 507
16 71 453
16 72 340
16 73 291
16 74 361
16 75 456
16 76 461
16 77 317
16 78 461
16 79 444
16 80 429
16 81 318
16 82 312
16 83 449
16 84 150
16 85 110
16 86 359
16 87 131
16 88 186
16 89 326
16 90 514
16 91 450
16 92 28
16 93 156
16 94 576
16 95 328
16 96 388
16 97 435
16 98 162
16 99 430
16 100 388
17 18 247
17 19 110
17 20 177
17 21 99
17 22 232
17 23 352
17 24 100
17 25 206
17 26 124
17 27 176
17 28 86
17 29 98
17 30 288
17 31 239
17 32 230
17 33 327
17 34 355
17 35 128
17 36 181
17 37 185
17 38 147
17 39 115
17 40 155
17 41 240
17 42 275
17 43 251
17 44 85
17 45 357
17 46 153
17 47 258
17 48 295
17 49 276
17 50 219
17 51 318
17 52 214
17 53 223
17 54 229
17 55 361
17 56 76
17 57 198
17 58 171
17 59 176
17 60 359
17 61 155
17 62 169
17 63 331
17 64 241
17 65 358
17 66 300
17 67 241
17 68 274
17 69 233
17 70 236
17 71 142
17 72 68
17 73 115
17 74 238
17 75 177
17 76 165
17 77 227
17 78 326
17 79 233
17 80 156
17 81 159
17 82 77
17 83 135
17 84 204
17 85 271
17 86 95
17 87 197
17 88 337
17 89 219
17 90 194
17 91 127
17 92 294
17 93 230
17 94 274
17 95 255
17 96 223
17 97 236
17 98 207
17 99 289
17 100 191
18 19 243
18 20 392
18 21 288
18 22 355
18 23 572
18 24 203
18 25 175
18 26 153
18 27 251
18 28 289
18 29 213
18 30 55
18 31 100
18 32 474
18 33 448
18 34 584
18 35 127
18 36 84
18 37 217
18 38 204
18 39 360
18 40 399
18 41 425
18 42 516
18 43 7
18 44 200
18 45 550
18 46 201
18 47 279
18 48 426
18 49 465
18 50 440
18 51 339
18 52 453
18 53 160
18 54 401
18 55 462
18 56 246
18 57 394
18 58 78
18 59 369
18 60 543
18 61 271
18 62 414
18 63 576
18 64 462
18 65 494
18 66 331
18 67 192
18 68 52
18 69 324
18 70 151
18 71 333
18 72 179
18 73 157
18 74 484
18 75 148
18 76 178
18 77 104
18 78 573
18 79 52
18 80 138
18 81 404
18 82 323
18 83 324
18 84 268
18 85 312
18 86 340
18 87 301
18 88 522
18 89 462
18 90 341
18 91 275
18 92 395
18 93 260
18 94 247
18 95 109
18 96 470
18 97 36
18 98 391
18 99 46
18 100 56
19 20 152
19 21 53
19 22 342
19 23 330
19 24 190
19 25 278
19 26 90
19 27 275
19 28 197
19 29 32
19 30 296
19 31 278
19 32 300
19 33 233
19 34 345
19 35 120
19 36 211
19 37 273
19 38 56
19 39 159
19 40 191
19 41 182
19 42 290
19 43 244
19 44 52
19 45 308
19 46 63
19 47 149
19 48 204
19 49 222
19 50 315
19 51 416
19 52 295
19 53 148
19 54 160
19 55 262
19 56 35
19 57 305
19 58 169
19 59 285
19 60 302
19 61 260
19 62 242
19 63 355
19 64 223
19 65 272
19 66 399
19 67 153
19 68 286
19 69 125
19 70 295
19 71 252
19 72 120
19 73 88
19 74 273
19 75 241
19 76 242
19 77 177
19 78 375
19 79 253
19 80 214
19 81 196
19 82 138
19 83 246
19 84 94
19 85 160
19 86 181
19 87 89
19 88 280
19 89 244
19 90 305
19 91 236
19 92 192
19 93 122
19 94 357
19 95 203
19 96 275
19 97 249
19 98 148
19 99 275
19 100 198
20 21 104
20 22 374
20 23 180
20 24 277
20 25 384
20 26 239
20 27 346
20 28 229
20 29 179
20 30 442
20 31 409
20 32 210
20 33 199
20 34 193
20 35 264
20 36 345
20 37 361
20 38 206
20 39 98
20 40 94
20 41 77
20 42 144
20 43 393
20 44 191
20 45 180
20 46 212
20 47 248
20 48 168
20 49 103
20 50 269
20 51 485
20 52 225
20 53 295
20 54 83
20 55 243
20 56 146
20 57 292
20 58 314
20 59 283
20 60 184
20 61 318
20 62 173
20 63 210
20 64 70
20 65 212
20 66 466
20 67 292
20 68 430
20 69 177
20 70 413
20 71 265
20 72 233
20 73 234
20 74 146
20 75 354
20 76 343
20 77 330
20 78 250
20 79 393
20 80 331
20 81 97
20 82 122
20 83 263
20 84 197
20 85 238
20 86 160
20 87 157
20 88 163
20 89 111
20 90 331
20 91 285
20 92 196
20 93 231
20 94 450
20 95 355
20 96 167
20 97 392
20 98 59
20 99 426
20 100 341
21 22 328
21 23 284
21 24 196
21 25 295
21 26 135
21 27 275
21 28 177
21 29 75
21 30 338
21 31 310
21 32 251
21 33 227
21 34 296
21 35 160
21 36 244
21 37 282
21 38 110
21 39 109
21 40 139
21 41 148
21 42 237
21 43 289
21 44 87
21 45 272
21 46 116
21 47 188
21 48 195
21 49 187
21 50 275
21 51 418
21 52 250
21 53 201
21 54 132
21 55 263
21 56 42
21 57 275
21 58 210
21 59 258
21 60 270
21 61 254
21 62 195
21 63 301
21 64 174
21 65 259
21 66 400
21 67 205
21 68 327
21 69 142
21 70 319
21 71 228
21 72 138
21 73 130
21 74 220
21 75 261
21 76 256
21 77 229
21 78 323
21 79 290
21 80 237
21 81 144
21 82 95
21 83 223
21 84 131
21 85 191
21 86 142
21 87 108
21 88 248
21 89 190
21 90 288
21 91 225
21 92 197
21 93 163
21 94 369
21 95 256
21 96 223
21 97 289
21 98 114
21 99 322
21 100 238
22 23 510
22 24 171
22 25 190
22 26 321
22 27 103
22 28 150
22 29 323
22 30 362
22 31 275
22 32 267
22 33 553
22 34 496
22 35 303
22 36 271
22 37 140
22 38 368
22 39 277
22 40 298
22 41 449
22 42 398
22 43 361
22 44 305
22 45 546
22 46 373
22 47 484
22 48 521
22 49 477
22 50 177
22 51 138
22 52 230
22 53 420
22 54 445
22 55 590
22 56 308
22 57 112
22 58 312
22 59 103
22 60 555
22 61 90
22 62 239
22 63 426
22 64 415
22 65 579
22 66 120
22 67 447
22 68 346
22 69 465
22 70 230
22 71 109
22 72 241
22 73 312
22 74 342
22 75 207
22 76 176
22 77 399
22 78 370
22 79 309
22 80 217
22 81 299
22 82 253
22 83 110
22 84 434
22 85 501
22 86 214
22 87 430
22 88 535
22 89 348
22 90 42
22 91 106
22 92 525
22 93 457
22 94 173
22 95 423
22 96 302
22 97 323
22 98 421
22 99 399
22 100 310
23 24 449
23 25 557
23 26 419
23 27 507
23 28 384
23 29 358
23 30 622
23 31 588
23 32 268
23 33 248
23 34 41
23 35 444
23 36 525
23 37 528
23 38 379
23 39 246
23 40 215
23 41 161
23 42 120
23 43 573
23 44 371
23 45 88
23 46 384
23 47 388
23 48 234
23 49 128
23 50 359
23 51 636
23 52 301
23 53 463
23 54 191
23 55 287
23 56 326
23 57 408
23 58 495
23 59 408
23 60 114
23 61 474
23 62 272
23 63 141
23 64 111
23 65 222
23 66 617
23 67 454
23 68 611
23 69 309
23 70 588
23 71 403
23 72 412
23 73 414
23 74 176
23 75 529
23 76 516
23 77 504
23 78 226
23 79 573
23 80 508
23 81 213
23 82 283
23 83 405
23 84 349
23 85 366
23 86 304
23 87 306
23 88 114
23 89 162
23 90 469
23 91 440
23 92 284
23 93 380
23 94 616
23 95 527
23 96 219
23 97 573
23 98 189
23 99 605
23 100 522
24 25 108
24 26 151
24 27 85
24 28 90
24 29 164
24 30 229
24 31 159
24 32 284
24 33 420
24 34 448
24 35 131
24 36 120
24 37 86
24 38 203
24 39 204
24 40 241
24 41 341
24 42 362
24 43 209
24 44 143
24 45 457
24 46 207
24 47 320
24 48 389
24 49 376
24 50 238
24 51 226
24 52 257
24 53 249
24 54 327
24 55 451
24 56 162
24 57 190
24 58 145
24 59 165
24 60 460
24 61 81
24 62 228
24 63 412
24 64 339
24 65 454
24 66 209
24 67 276
24 68 213
24 69 315
24 70 143
24 71 129
24 72 74
24 73 142
24 74 317
24 75 86
24 76 67
24 77 229
24 78 390
24 79 170
24 80 74
24 81 245
24 82 166
24 83 120
24 84 275
24 85 341
24 86 160
24 87 279
24 88 438
24 89 305
24 90 146
24 91 74
24 92 382
24 93 293
24 94 174
24 95 255
24 96 292
24 97 180
24 98 307
24 99 250
24 100 150
25 26 211
25 27 91
25 28 188
25 29 248
25 30 173
25 31 86
25 32 381
25 33 511
25 34 557
25 35 180
25 36 103
25 37 51
25 38 274
25 39 312
25 40 349
25 41 444
25 42 469
25 43 182
25 44 226
25 45 563
25 46 275
25 47 385
25 48 482
25 49 480
25 50 319
25 51 167
25 52 350
25 53 287
25 54 428
25 55 538
25 56 257
25 57 259
25 58 160
25 59 236
25 60 564
25 61 123
25 62 329
25 63 517
25 64 447
25 65 550
25 66 156
25 67 319
25 68 157
25 69 397
25 70 43
25 71 208
25 72 159
25 73 206
25 74 423
25 75 39
25 76 41
25 77 247
25 78 489
25 79 125
25 80 66
25 81 352
25 82 274
25 83 200
25 84 349
25 85 411
25 86 265
25 87 364
25 88 542
25 89 413
25 90 188
25 91 145
25 92 468
25 93 359
25 94 84
25 95 266
25 96 395
25 97 141
25 98 409
25 99 217
25 100 145
26 27 234
26 28 199
26 29 60
26 30 205
26 31 194
26 32 352
26 33 311
26 34 432
26 35 32
26 36 127
26 37 220
26 38 63
26 39 221
26 40 259
26 41 273
26 42 370
26 43 154
26 44 51
26 45 398
26 46 64
26 47 174
26 48 284
26 49 313
26 50 343
26 51 367
26 52 338
26 53 102
26 54 249
26 55 332
26 56 95
26 57 315
26 58 79
26 59 292
26 60 392
26 61 232
26 62 291
26 63 432
26 64 310
26 65 353
26 66 352
26 67 126
26 68 196
26 69 190
26 70 219
26 71 255
26 72 80
26 73 10
26 74 344
26 75 171
26 76 182
26 77 103
26 78 441
26 79 164
26 80 145
26 81 264
26 82 189
26 83 247
26 84 139
26 85 200
26 86 219
26 87 160
26 88 370
26 89 319
26 90 291
26 91 217
26 92 262
26 93 148
26 94 294
26 95 132
26 96 337
26 97 159
26 98 238
26 99 186
26 100 108
27 28 123
27 29 250
27 30 260
27 31 174
27 32 302
27 33 502
27 34 501
27 35 211
27 36 168
27 37 40
27 38 289
27 39 260
27 40 292
27 41 415
27 42 408
27 43 258
27 44 229
27 45 526
27 46 292
27 47 406
27 48 471
27 49 448
27 50 232
27 51 142
27 52 269
27 53 328
27 54 405
27 55 535
27 56 246
27 57 170
27 58 212
27 59 148
27 60 531
27 61 37
27 62 257
27 63 449
27 64 401
27 65 535
27 66 124
27 67 357
27 68 243
27 69 400
27 70 133
27 71 125
27 72 159
27 73 226
27 74 357
27 75 103
27 76 72
27 77 300
27 78 411
27 79 205
27 80 115
27 81 295
27 82 226
27 83 118
27 84 361
27 85 427
27 86 204
27 87 365
27 88 509
27 89 353
27 90 97
27 91 68
27 92 466
27 93 378
27 94 111
27 95 324
27 96 324
27 97 220
27 98 383
27 99 295
27 100 208
28 29 183
28 30 318
28 31 249
28 32 194
28 33 403
28 34 378
28 35 192
28 36 208
28 37 149
28 38 232
28 39 138
28 40 169
28 41 302
28 42 285
28 43 294
28 44 168
28 45 407
28 46 237
28 47 344
28 48 370
28 49 332
28 50 152
28 51 256
28 52 167
28 53 301
28 54 296
28 55 440
28 56 162
28 57 116
28 58 222
28 59 93
28 60 413
28 61 90
28 62 141
28 63 330
28 64 279
28 65 429
28 66 237
28 67 322
28 68 302
28 69 317
28 70 228
28 71 56
28 72 122
28 73 189
28 74 236
28 75 174
28 76 149
28 77 295
28 78 302
28 79 259
28 80 164
28 81 172
28 82 107
28 83 49
28 84 291
28 85 357
28 86 81
28 87 281
28 88 392
28 89 230
28 90 110
28 91 56
28 92 375
28 93 316
28 94 234
28 95 323
28 96 207
28 97 268
28 98 272
28 99 334
28 100 233
29 30 265
29 31 246
29 32 308
29 33 263
29 34 372
29 35 88
29 36 179
29 37 246
29 38 50
29 39 170
29 40 206
29 41 214
29 42 312
29 43 215
29 44 21
29 45 339
29 46 56
29 47 161
29 48 235
29 49 253
29 50 313
29 51 390
29 52 299
29 53 134
29 54 192
29 55 290
29 56 38
29 57 296
29 58 138
29 59 275
29 60 334
29 61 239
29 62 248
29 63 375
29 64 250
29 65 303
29 66 374
29 67 146
29 68 255
29 69 151
29 70 264
29 71 240
29 72 92
29 73 57
29 74 290
29 75 210
29 76 213
29 77 155
29 78 390
29 79 221
29 80 183
29 81 211
29 82 143
29 83 233
29 84 111
29 85 178
29 86 181
29 87 116
29 88 312
29 89 263
29 90 288
29 91 216
29 92 220
29 93 133
29 94 328
29 95 182
29 96 288
29 97 218
29 98 179
29 99 246
29 100 166
30 31 88
30 32 509
30 33 503
30 34 633
30 35 177
30 36 110
30 37 222
30 38 259
30 39 403
30 40 443
30 41 478
30 42 561
30 43 57
30 44 251
30 45 604
30 46 256
30 47 333
30 48 481
30 49 518
30 50 467
30 51 325
30 52 485
30 53 213
30 54 454
30 55 517
30 56 296
30 57 416
30 58 127
30 59 391
30 60 597
30 61 285
30 62 451
30 63 619
30 64 512
30 65 549
30 66 320
30 67 245
30 68 16
30 69 379
30 70 139
30 71 357
30 72 220
30 73 208
30 74 526
30 75 157
30 76 188
30 77 157
30 78 611
30 79 58
30 80 156
30 81 447
30 82 366
30 83 348
30 84 323
30 85 366
30 86 377
30 87 356
30 88 575
30 89 507
30 90 354
30 91 296
30 92 450
30 93 315
30 94 231
30 95 157
30 96 510
30 97 51
30 98 444
30 99 59
30 100 100
31 32 443
31 33 505
31 34 593
31 35 161
31 36 66
31 37 135
31 38 257
31 39 354
31 40 393
31 41 458
31 42 513
31 43 107
31 44 227
31 45 582
31 46 256
31 47 354
31 48 478
31 49 497
31 50 392
31 51 240
31 52 416
31 53 242
31 54 437
31 55 525
31 56 268
31 57 337
31 58 121
31 59 312
31 60 579
31 61 203
31 62 388
31 63 567
31 64 476
31 65 547
31 66 234
31 67 276
31 68 72
31 69 383
31 70 52
31 71 280
31 72 175
31 73 192
31 74 473
31 75 76
31 76 106
31 77 193
31 78 549
31 79 48
31 80 85
31 81 397
31 82 315
31 83 272
31 84 330
31 85 384
31 86 317
31 87 354
31 88 557
31 89 457
31 90 270
31 91 218
31 92 456
31 93 331
31 94 148
31 95 205
31 96 451
31 97 64
31 98 423
31 99 135
31 100 94
32 33 407
32 34 244
32 35 359
32 36 399
32 37 336
32 38 354
32 39 141
32 40 119
32 41 279
32 42 148
32 43 478
32 44 304
32 45 329
32 46 361
32 47 437
32 48 377
32 49 288
32 50 94
32 51 404
32 52 37
32 53 442
32 54 293
32 55 452
32 56 270
32 57 155
32 58 400
32 59 165
32 60 347
32 61 265
32 62 60
32 63 160
32 64 206
32 65 412
32 66 385
32 67 453
32 68 494
32 69 378
32 70 422
32 71 178
32 72 295
32 73 342
32 74 92
32 75 369
32 76 344
32 77 455
32 78 108
32 79 451
32 80 358
32 81 115
32 82 164
32 83 184
32 84 380
32 85 435
32 86 134
32 87 350
32 88 332
32 89 117
32 90 231
32 91 237
32 92 407
32 93 414
32 94 412
32 95 484
32 96 51
32 97 458
32 98 269
32 99 518
32 100 417
33 34 286
33 35 343
33 36 438
33 37 505
33 38 248
33 39 292
33 40 294
33 41 128
33 42 304
33 43 447
33 44 285
33 45 171
33 46 250
33 47 186
33 48 32
33 49 133
33 50 468
33 51 645
33 52 424
33 53 298
33 54 115
33 55 44
33 56 257
33 57 486
33 58 386
33 59 473
33 60 148
33 61 482
33 62 372
33 63 360
33 64 212
33 65 48
33 66 627
33 67 275
33 68 498
33 69 124
33 70 527
33 71 449
33 72 353
33 73 312
33 74 330
33 75 474
33 76 475
33 77 353
33 78 426
33 79 472
33 80 447
33 81 297
33 82 304
33 83 445
33 84 180
33 85 154
33 86 349
33 87 150
33 88 137
33 89 296
33 90 512
33 91 453
33 92 56
33 93 194
33 94 590
33 95 366
33 96 361
33 97 464
33 98 140
33 99 466
33 100 415
34 35 456
34 36 533
34 37 525
34 38 397
34 39 244
34 40 209
34 41 189
34 42 98
34 43 586
34 44 383
34 45 129
34 46 403
34 47 417
34 48 270
34 49 160
34 50 337
34 51 626
34 52 279
34 53 484
34 54 218
34 55 326
34 56 338
34 57 390
34 58 506
34 59 393
34 60 155
34 61 466
34 62 256
34 63 104
34 64 122
34 65 262
34 66 607
34 67 477
34 68 621
34 69 337
34 70 590
34 71 391
34 72 418
34 73 427
34 74 155
34 75 531
34 76 516
34 77 522
34 78 191
34 79 582
34 80 511
34 81 206
34 82 282
34 83 394
34 84 374
34 85 396
34 86 297
34 87 331
34 88 154
34 89 149
34 90 456
34 91 433
34 92 319
34 93 406
34 94 612
34 95 546
34 96 197
34 97 583
34 98 212
34 99 619
34 100 532
35 36 94
35 37 193
35 38 96
35 39 235
35 40 274
35 41 302
35 42 389
35 43 130
35 44 73
35 45 427
35 46 96
35 47 204
35 48 317
35 49 342
35 50 341
35 51 339
35 52 342
35 53 117
35 54 280
35 55 365
35 56 118
35 57 308
35 58 50
35 59 283
35 60 422
35 61 213
35 62 298
35 63 450
35 64 334
35 65 386
35 66 325
35 67 146
35 68 167
35 69 223
35 70 187
35 71 246
35 72 69
35 73 32
35 74 359
35 75 140
35 76 154
35 77 102
35 78 452
35 79 133
35 80 114
35 81 279
35 82 200
35 83 237
35 84 171
35 85 231
35 86 224
35 87 193
35 88 400
35 89 336
35 90 276
35 91 202
35 92 295
35 93 178
35 94 264
35 95 130
35 96 349
35 97 129
35 98 267
35 99 165
35 100 78
36 37 136
36 38 191
36 39 297
36 40 336
36 41 392
36 42 456
36 43 91
36 44 161
36 45 516
36 46 190
36 47 292
36 48 412
36 49 431
36 50 359
36 51 270
36 52 375
36 53 187
36 54 371
36 55 460
36 56 202
36 57 310
36 58 60
36 59 285
36 60 513
36 61 186
36 62 340
36 63 513
36 64 414
36 65 481
36 66 259
36 67 220
36 68 95
36 69 317
36 70 96
36 71 250
36 72 114
36 73 126
36 74 419
36 75 68
36 76 96
36 77 144
36 78 502
36 79 52
36 80 53
36 81 341
36 82 258
36 83 241
36 84 265
36 85 321
36 86 267
36 87 287
36 88 491
36 89 401
36 90 256
36 91 191
36 92 390
36 93 268
36 94 185
36 95 163
36 96 400
36 97 59
36 98 357
36 99 130
36 100 42
37 38 280
37 39 282
37 40 316
37 41 426
37 42 434
37 43 224
37 44 224
37 45 541
37 46 282
37 47 395
37 48 474
37 49 461
37 50 270
37 51 146
37 52 305
37 53 308
37 54 413
37 55 535
37 56 248
37 57 209
37 58 186
37 59 186
37 60 545
37 61 74
37 62 288
37 63 479
37 64 420
37 65 540
37 66 131
37 67 339
37 68 205
37 69 397
37 70 93
37 71 160
37 72 153
37 73 213
37 74 385
37 75 69
37 76 41
37 77 275
37 78 445
37 79 169
37 80 86
37 81 319
37 82 245
37 83 153
37 84 354
37 85 418
37 86 229
37 87 362
37 88 523
37 89 378
37 90 137
37 91 99
37 92 466
37 93 368
37 94 89
37 95 297
37 96 355
37 97 184
37 98 393
37 99 260
37 100 178
38 39 215
38 40 248
38 41 224
38 42 346
38 43 204
38 44 64
38 45 348
38 46 6
38 47 116
38 48 223
38 49 264
38 50 362
38 51 426
38 52 348
38 53 91
38 54 198
38 55 269
38 56 84
38 57 346
38 58 138
38 59 324
38 60 340
38 61 281
38 62 296
38 63 411
38 64 275
38 65 292
38 66 410
38 67 98
38 68 252
38 69 126
38 70 283
38 71 289
38 72 129
38 73 68
38 74 330
38 75 234
38 76 243
38 77 125
38 78 432
38 79 223
38 80 208
38 81 253
38 82 191
38 83 282
38 84 75
38 85 138
38 86 230
38 87 98
38 88 318
38 89 300
38 90 334
38 91 262
38 92 199
38 93 89
38 94 357
38 95 149
38 96 331
38 97 216
38 98 192
38 99 229
38 100 167
39 40 39
39 41 175
39 42 159
39 43 363
39 44 171
39 45 269
39 46 221
39 47 296
39 48 260
39 49 200
39 50 177
39 51 394
39 52 143
39 53 305
39 54 177
39 55 334
39 56 132
39 57 195
39 58 282
39 59 185
39 60 278
39 61 228
39 62 88
39 63 216
39 64 140
39 65 309
39 66 375
39 67 313
39 68 390
39 69 240
39 70 347
39 71 167
39 72 183
39 73 213
39 74 123
39 75 288
39 76 272
39 77 324
39 78 219
39 79 348
39 80 269
39 81 44
39 82 38
39 83 167
39 84 239
39 85 296
39 86 62
39 87 211
39 88 258
39 89 103
39 90 235
39 91 195
39 92 280
39 93 272
39 94 369
39 95 352
39 96 117
39 97 352
39 98 152
39 99 401
39 100 305
40 41 169
40 42 121
40 43 403
40 44 208
40 45 248
40 46 255
40 47 320
40 48 263
40 49 187
40 50 175
40 51 421
40 52 130
40 53 339
40 54 178
40 55 338
40 56 168
40 57 205
40 58 321
40 59 200
40 60 260
40 61 258
40 62 78
40 63 176
40 64 116
40 65 305
40 66 402
40 67 345
40 68 429
40 69 259
40 70 384
40 71 189
40 72 222
40 73 251
40 74 84
40 75 326
40 76 308
40 77 361
40 78 184
40 79 388
40 80 308
40 81 5
40 82 77
40 83 190
40 84 264
40 85 317
40 86 88
40 87 232
40 88 241
40 89 64
40 90 256
40 91 225
40 92 289
40 93 299
40 94 403
40 95 388
40 96 84
40 97 391
40 98 154
40 99 440
40 100 344
41 42 180
41 43 426
41 44 231
41 45 125
41 46 229
41 47 228
41 48 100
41 49 39
41 50 345
41 51 555
41 52 298
41 53 304
41 54 29
41 55 173
41 56 190
41 57 370
41 58 352
41 59 360
41 60 121
41 61 389
41 62 248
41 63 242
41 64 87
41 65 135
41 66 537
41 67 293
41 68 469
41 69 148
41 70 468
41 71 340
41 72 287
41 73 271
41 74 202
41 75 410
41 76 404
41 77 348
41 78 301
41 79 435
41 80 385
41 81 171
41 82 196
41 83 339
41 84 188
41 85 208
41 86 236
41 87 145
41 88 99
41 89 168
41 90 407
41 91 357
41 92 140
41 93 218
41 94 515
41 95 370
41 96 232
41 97 432
41 98 35
41 99 454
41 100 380
42 43 518
42 44 319
42 45 188
42 46 353
42 47 392
42 48 279
42 49 171
42 50 240
42 51 529
42 52 181
42 53 437
42 54 205
42 55 348
42 56 274
42 57 292
42 58 437
42 59 295
42 60 209
42 61 373
42 62 158
42 63 65
42 64 93
42 65 295
42 66 510
42 67 436
42 68 548
42 69 317
42 70 505
42 71 294
42 72 342
42 73 363
42 74 57
42 75 447
42 76 429
42 77 467
42 78 123
42 79 507
42 80 429
42 81 117
42 82 198
42 83 298
42 84 341
42 85 379
42 86 205
42 87 301
42 88 198
42 89 56
42 90 358
42 91 340
42 92 321
42 93 375
42 94 519
42 95 493
42 96 99
42 97 510
42 98 189
42 99 554
42 100 461
43 44 202
43 45 551
43 46 200
43 47 276
43 48 425
43 49 466
43 50 446
43 51 346
43 52 457
43 53 156
43 54 401
43 55 460
43 56 247
43 57 400
43 58 81
43 59 375
43 60 543
43 61 277
43 62 418
43 63 579
43 64 464
43 65 493
43 66 338
43 67 188
43 68 55
43 69 322
43 70 158
43 71 339
43 72 183
43 73 158
43 74 487
43 75 155
43 76 185
43 77 100
43 78 577
43 79 59
43 80 144
43 81 407
43 82 327
43 83 330
43 84 266
43 85 309
43 86 344
43 87 300
43 88 522
43 89 465
43 90 347
43 91 282
43 92 393
43 93 258
43 94 254
43 95 103
43 96 474
43 97 43
43 98 392
43 99 40
43 100 61
44 45 356
44 46 69
44 47 179
44 48 256
44 49 270
44 50 303
44 51 369
44 52 293
44 53 139
44 54 210
44 55 312
44 56 45
44 57 282
44 58 123
44 59 260
44 60 352
44 61 219
44 62 244
44 63 381
44 64 261
44 65 324
44 66 352
44 67 156
44 68 240
44 69 172
44 70 243
44 71 224
44 72 70
44 73 44
44 74 293
44 75 189
44 76 191
44 77 152
44 78 391
44 79 204
44 80 162
44 81 213
44 82 140
44 83 217
44 84 131
44 85 198
44 86 174
44 87 138
44 88 330
44 89 267
44 90 270
44 91 198
44 92 242
44 93 152
44 94 306
44 95 180
44 96 288
44 97 202
44 98 196
44 99 236
44 100 151
45 46 353
45 47 333
45 48 164
45 49 85
45 50 413
45 51 663
45 52 357
45 53 424
45 54 150
45 55 205
45 56 314
45 57 452
45 58 477
45 59 448
45 60 26
45 61 496
45 62 318
45 63 224
45 64 131
45 65 138
45 66 644
45 67 409
45 68 594
45 69 255
45 70 590
45 71 436
45 72 409
45 73 396
45 74 237
45 75 531
45 76 523
45 77 471
45 78 306
45 79 560
45 80 507
45 81 247
45 82 300
45 83 436
45 84 304
45 85 306
45 86 332
45 87 261
45 88 34
45 89 212
45 90 504
45 91 463
45 92 215
45 93 330
45 94 630
45 95 491
45 96 278
45 97 557
45 98 160
45 99 578
45 100 505
46 47 113
46 48 226
46 49 269
46 50 369
46 51 428
46 52 354
46 53 84
46 54 203
46 55 269
46 56 90
46 57 351
46 58 136
46 59 330
46 60 344
46 61 285
46 62 302
46 63 417
46 64 281
46 65 294
46 66 413
46 67 91
46 68 249
46 69 127
46 70 283
46 71 294
46 72 133
46 73 69
46 74 336
46 75 236
46 76 245
46 77 119
46 78 439
46 79 222
46 80 209
46 81 260
46 82 197
46 83 287
46 84 75
46 85 136
46 86 237
46 87 100
46 88 323
46 89 307
46 90 339
46 91 266
46 92 200
46 93 86
46 94 358
46 95 143
46 96 338
46 97 214
46 98 197
46 99 225
46 100 165
47 48 175
47 49 261
47 50 462
47 51 541
47 52 438
47 53 119
47 54 198
47 55 189
47 56 184
47 57 454
47 58 233
47 59 434
47 60 317
47 61 398
47 62 383
47 63 457
47 64 305
47 65 235
47 66 526
47 67 91
47 68 331
47 69 79
47 70 388
47 71 400
47 72 246
47 73 181
47 74 392
47 75 345
47 76 357
47 77 176
47 78 497
47 79 313
47 80 319
47 81 325
47 82 283
47 83 393
47 84 57
47 85 34
47 86 328
47 87 91
47 88 299
47 89 358
47 90 449
47 91 377
47 92 130
47 93 27
47 94 469
47 95 184
47 96 404
47 97 302
47 98 206
47 99 288
47 100 259
48 49 112
48 50 436
48 51 613
48 52 393
48 53 280
48 54 84
48 55 74
48 56 226
48 57 453
48 58 361
48 59 441
48 60 144
48 61 450
48 62 341
48 63 338
48 64 187
48 65 69
48 66 595
48 67 259
48 68 475
48 69 104
48 70 499
48 71 416
48 72 323
48 73 285
48 74 303
48 75 445
48 76 445
48 77 333
48 78 401
48 79 447
48 80 419
48 81 265
48 82 271
48 83 413
48 84 159
48 85 145
48 86 317
48 87 125
48 88 130
48 89 268
48 90 480
48 91 420
48 92 50
48 93 178
48 94 560
48 95 348
48 96 331
48 97 440
48 98 109
48 99 445
48 100 390
49 50 361
49 51 588
49 52 310
49 53 343
49 54 66
49 55 177
49 56 229
49 57 392
49 58 391
49 59 384
49 60 83
49 61 420
49 62 264
49 63 227
49 64 83
49 65 125
49 66 569
49 67 330
49 68 509
49 69 181
49 70 506
49 71 367
49 72 325
49 73 310
49 74 203
49 75 448
49 76 440
49 77 388
49 78 294
49 79 475
49 80 423
49 81 188
49 82 225
49 83 366
49 84 224
49 85 238
49 86 262
49 87 181
49 88 61
49 89 172
49 90 434
49 91 388
49 92 159
49 93 254
49 94 550
49 95 409
49 96 238
49 97 471
49 98 74
49 99 494
49 100 420
50 51 316
50 52 58
50 53 442
50 54 352
50 55 511
50 56 281
50 57 66
50 58 373
50 59 84
50 60 428
50 61 196
50 62 97
50 63 255
50 64 284
50 65 480
50 66 298
50 67 459
50 68 451
50 69 415
50 70 362
50 71 111
50 72 272
50 73 333
50 74 183
50 75 316
50 76 287
50 77 443
50 78 193
50 79 409
50 80 311
50 81 173
50 82 179
50 83 120
50 84 405
50 85 467
50 86 134
50 87 383
50 88 411
50 89 200
50 90 147
50 91 174
50 92 457
50 93 436
50 94 336
50 95 471
50 96 140
50 97 418
50 98 327
50 99 486
50 100 385
51 52 367
51 53 452
51 54 546
51 55 677
51 56 388
51 57 250
51 58 326
51 59 239
51 60 669
51 61 167
51 62 372
51 63 562
51 64 535
51 65 677
51 66 19
51 67 483
51 68 310
51 69 541
51 70 188
51 71 235
51 72 298
51 73 359
51 74 474
51 75 203
51 76 185
51 77 414
51 78 509
51 79 286
51 80 227
51 81 423
51 82 363
51 83 232
51 84 499
51 85 564
51 86 333
51 87 506
51 88 648
51 89 477
51 90 173
51 91 199
51 92 608
51 93 514
51 94 93
51 95 433
51 96 437
51 97 303
51 98 524
51 99 376
51 100 312
52 53 433
52 54 309
52 55 468
52 56 264
52 57 118
52 58 381
52 59 129
52 60 374
52 61 232
52 62 55
52 63 197
52 64 231
52 65 433
52 66 349
52 67 446
52 68 470
52 69 383
52 70 392
52 71 144
52 72 276
52 73 329
52 74 124
52 75 341
52 76 314
52 77 441
52 78 143
52 79 427
52 80 332
52 81 127
52 82 157
52 83 151
52 84 381
52 85 439
52 86 119
52 87 354
52 88 358
52 89 144
52 90 195
52 91 205
52 92 419
52 93 414
52 94 378
52 95 470
52 96 82
52 97 435
52 98 284
52 99 497
52 100 396
53 54 276
53 55 306
53 56 172
53 57 417
53 58 127
53 59 394
53 60 412
53 61 330
53 62 383
53 63 502
53 64 363
53 65 346
53 66 439
53 67 33
53 68 212
53 69 176
53 70 282
53 71 357
53 72 181
53 73 112
53 74 421
53 75 248
53 76 267
53 77 56
53 78 523
53 79 198
53 80 224
53 81 344
53 82 278
53 83 349
53 84 122
53 85 153
53 86 314
53 87 162
53 88 392
53 89 392
53 90 392
53 91 318
53 92 243
53 93 105
53 94 371
53 95 68
53 96 422
53 97 185
53 98 274
53 99 168
53 100 148
54 55 159
54 56 171
54 57 372
54 58 329
54 59 361
54 60 142
54 61 380
54 62 256
54 63 268
54 64 112
54 65 133
54 66 528
54 67 264
54 68 446
54 69 119
54 70 450
54 71 338
54 72 270
54 73 248
54 74 222
54 75 393
54 76 389
54 77 321
54 78 323
54 79 413
54 80 368
54 81 181
54 82 193
54 83 336
54 84 159
54 85 178
54 86 236
54 87 115
54 88 120
54 89 187
54 90 404
54 91 349
54 92 117
54 93 189
54 94 502
54 95 342
54 96 248
54 97 409
54 98 25
54 99 428
54 100 357
55 56 289
55 57 527
55 58 405
55 59 513
55 60 181
55 61 516
55 62 415
55 63 403
55 64 257
55 65 69
55 66 660
55 67 280
55 68 513
55 69 142
55 70 551
55 71 488
55 72 382
55 73 335
55 74 375
55 75 500
55 76 504
55 77 362
55 78 471
55 79 490
55 80 473
55 81 340
55 82 344
55 83 484
55 84 195
55 85 155
55 86 390
55 87 174
55 88 174
55 89 341
55 90 550
55 91 488
55 92 70
55 93 202
55 94 619
55 95 373
55 96 405
55 97 481
55 98 184
55 99 475
55 100 434
56 57 269
56 58 168
56 59 250
56 60 311
56 61 229
56 62 211
56 63 337
56 64 216
56 65 293
56 66 370
56 67 182
56 68 285
56 69 156
56 70 279
56 71 217
56 72 98
56 73 89
56 74 251
56 75 222
56 76 219
56 77 193
56 78 351
56 79 248
56 80 196
56 81 173
56 82 107
56 83 211
56 84 129
56 85 195
56 86 147
56 87 121
56 88 289
56 89 224
56 90 271
56 91 203
56 92 220
56 93 157
56 94 334
56 95 221
56 96 249
56 97 246
56 98 155
56 99 281
56 100 195
57 58 333
57 59 25
57 60 465
57 61 135
57 62 135
57 63 315
57 64 321
57 65 505
57 66 232
57 67 438
57 68 400
57 69 417
57 70 302
57 71 62
57 72 238
57 73 305
57 74 234
57 75 261
57 76 230
57 77 410
57 78 258
57 79 358
57 80 260
57 81 205
57 82 183
57 83 70
57 84 398
57 85 463
57 86 137
57 87 383
57 88 446
57 89 246
57 90 81
57 91 119
57 92 468
57 93 427
57 94 271
57 95 438
57 96 194
57 97 369
57 98 347
57 99 440
57 100 341
58 59 308
58 60 471
58 61 223
58 62 339
58 63 497
58 64 385
58 65 430
58 66 314
58 67 160
58 68 117
58 69 263
58 70 156
58 71 271
58 72 104
58 73 81
58 74 406
58 75 123
58 76 145
58 77 88
58 78 497
58 79 85
58 80 100
58 81 326
58 82 246
58 83 262
58 84 209
58 85 263
58 86 265
58 87 236
58 88 449
58 89 384
58 90 290
58 91 219
58 92 336
58 93 210
58 94 244
58 95 111
58 96 394
58 97 80
58 98 317
58 99 118
58 100 29
59 60 460
59 61 112
59 62 137
59 63 323
59 64 317
59 65 494
59 66 220
59 67 415
59 68 375
59 69 400
59 70 279
59 71 37
59 72 214
59 73 282
59 74 238
59 75 236
59 76 206
59 77 386
59 78 272
59 79 333
59 80 235
59 81 201
59 82 169
59 83 46
59 84 379
59 85 444
59 86 124
59 87 365
59 88 441
59 89 246
59 90 66
59 91 95
59 92 453
59 93 406
59 94 252
59 95 413
59 96 199
59 97 344
59 98 336
59 99 415
59 100 316
60 61 502
60 62 333
60 63 249
60 64 144
60 65 112
60 66 650
60 67 395
60 68 588
60 69 240
60 70 589
60 71 446
60 72 408
60 73 390
60 74 256
60 75 531
60 76 524
60 77 460
60 78 329
60 79 555
60 80 507
60 81 260
60 82 306
60 83 445
60 84 290
60 85 289
60 86 341
60 87 249
60 88 22
60 89 229
60 90 513
60 91 470
60 92 195
60 93 315
60 94 634
60 95 480
60 96 296
60 97 551
60 98 156
60 99 569
60 100 500
61 62 220
61 63 413
61 64 369
61 65 512
61 66 148
61 67 357
61 68 269
61 69 385
61 70 166
61 71 87
61 72 153
61 73 223
61 74 320
61 75 128
61 76 97
61 77 308
61 78 374
61 79 229
61 80 132
61 81 261
61 82 196
61 83 80
61 84 350
61 85 417
61 86 170
61 87 350
61 88 481
61 89 318
61 90 69
61 91 33
61 92 449
61 93 370
61 94 148
61 95 334
61 96 288
61 97 242
61 98 358
61 99 316
61 100 223
62 63 192
62 64 188
62 65 383
62 66 353
62 67 394
62 68 436
62 69 328
62 70 369
62 71 138
62 72 235
62 73 282
62 74 102
62 75 315
62 76 291
62 77 394
62 78 161
62 79 393
62 80 302
62 81 76
62 82 104
62 83 142
62 84 326
62 85 384
62 86 74
62 87 299
62 88 315
62 89 110
62 90 200
62 91 189
62 92 365
62 93 359
62 94 369
62 95 423
62 96 67
62 97 399
62 98 231
62 99 458
62 100 357
63 64 155
63 65 346
63 66 543
63 67 502
63 68 606
63 69 382
63 70 555
63 71 329
63 72 399
63 73 425
63 74 94
63 75 498
63 76 477
63 77 531
63 78 87
63 79 564
63 80 482
63 81 172
63 82 254
63 83 334
63 84 407
63 85 443
63 86 252
63 87 367
63 88 242
63 89 113
63 90 389
63 91 381
63 92 382
63 93 441
63 94 561
63 95 557
63 96 125
63 97 568
63 98 253
63 99 615
63 100 521
64 65 209
64 66 515
64 67 358
64 68 500
64 69 228
64 70 477
64 71 305
64 72 301
64 73 305
64 74 120
64 75 418
64 76 406
64 77 400
64 78 214
64 79 462
64 80 396
64 81 116
64 82 174
64 83 306
64 84 258
64 85 289
64 86 202
64 87 216
64 88 127
64 89 89
64 90 373
64 91 336
64 92 228
64 93 291
64 94 508
64 95 424
64 96 156
64 97 462
64 98 98
64 99 496
64 100 411
65 66 659
65 67 323
65 68 543
65 69 171
65 70 568
65 71 472
65 72 391
65 73 354
65 74 329
65 75 513
65 76 512
65 77 400
65 78 419
65 79 516
65 80 487
65 81 307
65 82 326
65 83 470
65 84 227
65 85 203
65 86 369
65 87 194
65 88 108
65 89 297
65 90 537
65 91 482
65 92 105
65 93 242
65 94 627
65 95 414
65 96 364
65 97 509
65 98 158
65 99 513
65 100 459
66 67 470
66 68 305
66 69 524
66 70 181
66 71 215
66 72 282
66 73 344
66 74 455
66 75 192
66 76 171
66 77 403
66 78 490
66 79 278
66 80 214
66 81 404
66 82 344
66 83 212
66 84 483
66 85 549
66 86 314
66 87 489
66 88 629
66 89 457
66 90 154
66 91 180
66 92 591
66 93 499
66 94 89
66 95 422
66 96 418
66 97 295
66 98 506
66 99 369
66 100 302
67 68 244
67 69 156
67 70 316
67 71 378
67 72 206
67 73 135
67 74 425
67 75 280
67 76 298
67 77 87
67 78 528
67 79 231
67 80 256
67 81 350
67 82 289
67 83 371
67 84 105
67 85 125
67 86 328
67 87 148
67 88 376
67 89 394
67 90 417
67 91 343
67 92 218
67 93 81
67 94 403
67 95 93
67 96 429
67 97 219
67 98 265
67 99 197
67 100 182
68 69 374
68 70 124
68 71 341
68 72 206
68 73 198
68 74 512
68 75 140
68 76 172
68 77 156
68 78 597
68 79 43
68 80 140
68 81 434
68 82 352
68 83 332
68 84 318
68 85 363
68 86 362
68 87 349
68 88 567
68 89 493
68 90 338
68 91 280
68 92 445
68 93 312
68 94 217
68 95 159
68 96 495
68 97 38
68 98 435
68 99 68
68 100 89
69 70 409
69 71 369
69 72 243
69 73 193
69 74 323
69 75 358
69 76 363
69 77 229
69 78 427
69 79 349
69 80 331
69 81 263
69 82 236
69 83 364
69 84 56
69 85 61
69 86 283
69 87 35
69 88 221
69 89 288
69 90 427
69 91 360
69 92 72
69 93 75
69 94 478
69 95 244
69 96 340
69 97 340
69 98 129
69 99 342
69 100 292
70 71 250
70 72 181
70 73 216
70 74 460
70 75 59
70 76 78
70 77 237
70 78 529
70 79 98
70 80 82
70 81 388
70 82 308
70 83 242
70 84 358
70 85 417
70 86 303
70 87 377
70 88 567
70 89 449
70 90 230
70 91 188
70 92 481
70 93 364
70 94 96
70 95 252
70 96 434
70 97 115
70 98 433
70 99 188
70 100 134
71 72 176
71 73 245
71 74 240
71 75 204
71 76 175
71 77 348
71 78 287
71 79 298
71 80 200
71 81 191
71 82 145
71 83 8
71 84 346
71 85 412
71 86 105
71 87 334
71 88 426
71 89 242
71 90 67
71 91 63
71 92 425
71 93 372
71 94 234
71 95 376
71 96 204
71 97 309
71 98 314
71 99 379
71 100 279
72 73 70
72 74 306
72 75 123
72 76 122
72 77 172
72 78 393
72 79 165
72 80 98
72 81 227
72 82 145
72 83 168
72 84 201
72 85 267
72 86 160
72 87 209
72 88 386
72 89 287
72 90 211
72 91 137
72 92 312
72 93 219
72 94 237
72 95 200
72 96 290
72 97 168
72 98 252
72 99 222
72 100 123
73 74 336
73 75 166
73 76 176
73 77 112
73 78 432
73 79 165
73 80 139
73 81 256
73 82 180
73 83 237
73 84 143
73 85 205
73 86 209
73 87 162
73 88 368
73 89 311
73 90 282
73 91 207
73 92 265
73 93 154
73 94 289
73 95 141
73 96 329
73 97 161
73 98 236
73 99 192
73 100 109
74 75 403
74 76 383
74 77 445
74 78 105
74 79 470
74 80 387
74 81 80
74 82 160
74 83 244
74 84 338
74 85 383
74 86 157
74 87 301
74 88 242
74 89 35
74 90 302
74 91 288
74 92 339
74 93 372
74 94 468
74 95 473
74 96 42
74 97 474
74 98 201
74 99 524
74 100 428
75 76 31
75 77 211
75 78 476
75 79 101
75 80 26
75 81 330
75 82 250
75 83 195
75 84 310
75 85 371
75 86 246
75 87 326
75 88 509
75 89 391
75 90 197
75 91 141
75 92 430
75 93 319
75 94 123
75 95 231
75 96 379
75 97 116
75 98 376
75 99 192
75 100 110
76 77 234
76 78 451
76 79 133
76 80 44
76 81 312
76 82 233
76 83 167
76 84 318
76 85 381
76 86 225
76 87 330
76 88 502
76 89 372
76 90 166
76 91 112
76 92 434
76 93 330
76 94 115
76 95 255
76 96 356
76 97 147
76 98 370
76 99 222
76 100 136
77 78 543
77 79 146
77 80 189
77 81 366
77 82 292
77 83 340
77 84 173
77 85 209
77 86 322
77 87 211
77 88 440
77 89 418
77 90 375
77 91 302
77 92 298
77 93 160
77 94 329
77 95 28
77 96 440
77 97 132
77 98 316
77 99 113
77 100 102
78 79 554
78 80 464
78 81 179
78 82 252
78 83 293
78 84 443
78 85 488
78 86 234
78 87 406
78 88 320
78 89 139
78 90 338
78 91 345
78 92 440
78 93 477
78 94 521
78 95 571
78 96 103
78 97 560
78 98 303
78 99 615
78 100 516
79 80 98
79 81 392
79 82 310
79 83 290
79 84 294
79 85 344
79 86 320
79 87 322
79 88 533
79 89 452
79 90 298
79 91 238
79 92 421
79 93 292
79 94 195
79 95 157
79 96 453
79 97 16
79 98 400
79 99 92
79 100 56
80 81 312
80 82 231
80 83 192
80 84 283
80 85 345
80 86 231
80 87 299
80 88 485
80 89 373
80 90 202
80 91 140
80 92 403
80 93 293
80 94 150
80 95 211
80 96 365
80 97 110
80 98 351
80 99 183
80 100 93
81 82 82
81 83 192
81 84 269
81 85 321
81 86 91
81 87 236
81 88 241
81 89 60
81 90 258
81 91 228
81 92 292
81 93 303
81 94 406
81 95 393
81 96 79
81 97 396
81 98 156
81 99 444
81 100 349
82 83 143
82 84 226
82 85 287
82 86 47
82 87 204
82 88 285
82 89 142
82 90 211
82 91 163
82 92 284
82 93 258
82 94 334
82 95 321
82 96 148
82 97 314
82 98 168
82 99 365
82 100 267
83 84 340
83 85 406
83 86 104
83 87 329
83 88 425
83 89 244
83 90 68
83 91 54
83 92 421
83 93 366
83 94 228
83 95 367
83 96 208
83 97 300
83 98 311
83 99 370
83 100 271
84 85 66
84 86 271
84 87 43
84 88 271
84 89 305
84 90 398
84 91 327
84 92 127
84 93 34
84 94 432
84 95 190
84 96 349
84 97 285
84 98 161
84 99 286
84 100 238
85 86 333
85 87 85
85 88 272
85 89 349
85 90 465
85 91 394
85 92 98
85 93 52
85 94 495
85 95 218
85 96 399
85 97 334
85 98 190
85 99 322
85 100 290
86 87 250
86 88 320
86 89 149
86 90 172
86 91 136
86 92 331
86 93 302
86 94 315
86 95 351
86 96 133
86 97 325
86 98 211
86 99 383
86 100 283
87 88 229
87 89 267
87 90 391
87 91 324
87 92 104
87 93 75
87 94 445
87 95 230
87 96 315
87 97 314
87 98 118
87 99 322
87 100 265
88 89 214
88 90 493
88 91 448
88 92 181
88 93 297
88 94 612
88 95 459
88 96 281
88 97 530
88 98 134
88 99 548
88 100 478
89 90 307
89 91 285
89 92 304
89 93 339
89 94 464
89 95 445
89 96 67
89 97 455
89 98 166
89 99 502
89 100 407
90 91 74
90 92 486
90 93 422
90 94 190
90 95 401
90 96 264
90 97 312
90 98 379
90 99 386
90 100 292
91 92 422
91 93 350
91 94 180
91 95 328
91 96 256
91 97 250
91 98 326
91 99 322
91 100 224
92 93 138
92 94 549
92 95 310
92 96 363
92 97 413
92 98 138
92 99 411
92 100 365
93 94 443
93 95 172
93 96 383
93 97 282
93 98 194
93 99 273
93 100 237
94 95 346
94 96 436
94 97 211
94 98 481
94 99 283
94 100 226
95 96 468
95 97 141
95 98 339
95 99 105
95 100 120
96 97 458
96 98 225
96 99 512
96 100 414
97 98 397
97 99 76
97 100 51
98 99 420
98 100 345
99 100 101
1 1
2 2
3 2
4 2
5 2
6 2
7 2
8 2
9 2
10 2
11 2
12 2
13 2
14 2
15 2
16 2
17 2
18 2
19 2
20 2
21 2
22 2
23 2
24 2
25 2
26 2
27 2
28 2
29 2
30 2
31 2
32 2
33 2
34 2
35 2
36 2
37 2
38 2
39 2
40 2
41 2
42 2
43 2
44 2
45 2
46 2
47 2
48 2
49 2
50 2
51 2
52 2
53 2
54 2
55 2
56 2
57 2
58 2
59 2
60 2
61 2
62 2
63 2
64 2
65 2
66 2
67 2
68 2
69 2
70 2
71 2
72 2
73 2
74 2
75 2
76 2
77 2
78 2
79 2
80 2
81 2
82 2
83 2
84 2
85 2
86 2
87 2
88 2
89 2
90 2
91 2
92 2
93 2
94 2
95 2
96 2
97 2
98 2
99 2
100 1