i08,212,212,61,0.00,0.00,0.00,{8,1,4,3,2,7,5,6},100.00%
i08b,186,186,204,0.00,0.00,0.00,{1,7,3,5,4,6,2,8},100.00%
i09,197,197,37,0.00,0.00,0.00,{5,3,4,6,1,7,2,9,8},100.00%
i10,2177,2177,400,0.00,0.00,0.00,{5,8,7,4,3,1,2,10,9,6},100.00%
i10b,156,156,1034,0.01,0.01,0.01,{10,7,8,3,9,4,2,5,6,1},100.00%
i11,2965,2965,49,0.00,0.00,0.00,{1,4,5,6,8,7,11,2,10,3,9},100.00%
i12,3017,3017,155,0.00,0.00,0.00,{12,11,10,9,6,8,7,4,3,2,1,5},100.00%
i12b,302,302,6845,0.22,0.24,0.24,{2,10,6,5,11,3,1,9,7,8,4,12},100.00%
i13,24629,24629,3649,0.05,0.07,0.07,{13,1,8,4,11,5,3,9,6,10,7,2,12},100.00%
i13b,692,692,16197,1.40,1.46,1.46,{13,2,11,4,9,6,7,8,5,10,3,12,1},100.00%
i14,458,458,38923,7.56,8.11,8.11,{12,14,6,9,5,11,1,3,13,7,8,10,4,2},100.00%
i15,266,266,82759,2.10,26.02,26.02,{6,8,5,9,4,10,3,11,15,12,1,13,2,14,7},100.00%
i16,729,729,5376,0.16,0.16,0.16,{4,1,6,2,9,10,13,15,16,8,12,7,3,5,14,11},100.00%
i17,839,839,25173,3.19,3.20,3.20,{13,1,10,17,4,15,16,2,6,9,7,14,3,12,11,8,5},100.00%
i18,975,975,23825,3.50,3.50,3.50,{5,13,16,3,2,4,14,17,12,11,15,7,9,10,6,8,1,18},100.00%
i19,1009,1009,10400,0.68,0.68,0.68,{17,5,4,1,8,7,13,2,6,16,9,18,3,12,19,15,14,10,11},100.00%
i20,1193,1072,81944,56.72,59.26,60.00,{9,3,11,6,7,16,19,20,12,17,4,14,10,15,2,1,8,13,5,18},100.00%
i21,1102,1060,84840,59.83,55.89,60.00,{19,4,7,15,12,14,9,16,6,2,8,20,21,5,1,3,13,17,11,10,18},100.00%
i22,1263,1137,82136,52.64,56.09,60.00,{19,20,7,6,8,12,3,15,1,16,4,11,5,13,14,21,2,22,17,18,9,10},100.00%
i23,1324,1212,74938,54.21,55.89,60.00,{22,7,16,11,20,1,21,14,9,23,17,6,15,4,18,8,5,2,3,19,12,10,13},100.00%
i24,1180,1114,84755,52.00,55.43,60.01,{22,11,12,4,1,18,24,23,19,15,16,13,7,9,21,10,2,20,8,17,3,6,14,5},100.00%
i25,1848,1773,79576,55.15,55.06,60.00,{24,15,16,4,6,18,5,19,3,1,17,7,20,10,14,25,21,2,22,8,11,13,23,12,9},100.00%
i26,1553,1505,84814,48.77,59.16,60.01,{18,19,7,12,4,8,25,10,20,11,5,13,16,21,23,14,17,2,26,22,24,15,6,1,9,3},100.00%
i27,2092,2007,88681,50.24,56.69,60.02,{15,9,4,18,23,24,3,11,1,12,19,7,16,25,8,26,13,21,22,2,6,5,20,10,17,27,14},100.00%
i28,2081,1855,81893,49.47,59.22,60.01,{8,20,4,9,16,17,14,12,11,2,3,23,24,15,25,26,7,21,5,6,18,1,22,13,27,19,28,10},100.00%
i29,2379,2147,82687,38.28,50.51,60.00,{3,4,17,11,18,23,19,21,12,6,13,27,28,8,24,1,25,2,22,9,15,14,10,29,7,20,26,16,5},100.00%
i30,2304,2013,79962,36.29,54.35,60.00,{10,18,9,13,11,19,8,23,4,22,24,25,6,5,3,14,12,27,20,28,2,16,26,7,15,29,17,1,30,21},100.00%
