i08,212,212,55,0.00,0.00,0.00,{8,1,4,3,2,7,5,6}
i08b,186,186,197,0.00,0.00,0.00,{1,7,3,5,4,6,2,8}
i09,197,197,37,0.00,0.00,0.00,{5,3,4,6,1,7,2,9,8}
i10,2177,2177,364,0.00,0.00,0.00,{4,8,7,5,3,1,2,10,9,6}
i10b,156,156,1063,0.01,0.01,0.01,{10,7,8,3,9,4,2,5,6,1}
i11,2965,2965,49,0.00,0.00,0.00,{1,4,5,6,8,7,11,2,10,3,9}
i12,3017,3017,151,0.00,0.00,0.00,{12,11,10,9,6,8,7,4,3,2,1,5}
i12b,302,302,6254,0.14,0.15,0.15,{10,12,6,7,9,1,3,11,5,8,4,2}
i13,24978,24978,3673,0.03,0.04,0.04,{13,1,7,6,11,5,3,9,4,10,8,2,12}
i13b,692,692,14725,0.67,0.72,0.72,{13,2,11,4,9,6,7,8,5,10,3,12,1}
i14,458,458,34523,4.04,4.38,4.38,{2,4,7,6,8,11,3,1,13,5,9,10,12,14}
i15,266,266,84452,1.93,23.22,23.22,{6,8,1,9,15,10,5,11,2,12,7,13,4,14,3}
i16,729,729,4422,0.08,0.08,0.08,{4,1,6,2,9,10,11,15,16,8,12,7,3,5,14,13}
i17,856,856,40670,5.28,5.79,5.79,{13,1,4,17,7,14,15,5,8,11,3,16,6,10,9,12,2}
i18,975,975,18396,1.58,1.58,1.58,{5,13,16,3,2,4,14,17,12,11,15,7,9,10,6,8,1,18}
i19,1009,1009,9412,0.44,0.44,0.44,{17,5,4,1,8,7,13,2,6,16,9,18,3,12,19,15,14,10,11}
i20,1187,1082,105271,58.44,59.19,60.00,{13,3,9,8,7,16,20,10,12,17,4,14,6,15,2,1,18,5,11,19}
i21,1104,1072,105380,29.01,57.09,60.00,{19,4,9,15,14,8,7,16,6,2,11,20,21,5,1,3,13,17,10,12,18}
i22,1249,1148,99293,26.83,59.97,60.00,{19,20,18,12,13,14,3,15,1,16,6,10,5,8,9,21,7,22,2,17,11,4}
i23,1316,1224,98046,56.95,56.42,60.00,{11,7,16,22,20,1,21,10,9,23,17,6,13,4,18,8,5,2,3,19,15,12,14}
i24,1164,1130,101078,54.70,56.69,60.00,{22,15,17,2,1,19,24,23,20,14,18,11,7,9,21,10,4,12,6,16,3,8,13,5}
i25,1847,1778,105479,50.66,52.00,60.00,{24,15,16,8,5,18,4,19,3,1,17,6,20,7,14,25,21,2,22,11,9,13,23,12,10}
i26,1551,1508,106309,45.13,53.30,60.00,{19,20,7,13,4,8,25,11,21,17,5,10,16,12,23,14,18,2,26,22,24,15,6,1,9,3}
i27,2086,2011,111009,56.81,57.81,60.01,{12,14,4,10,23,24,3,9,1,15,19,7,16,25,17,26,13,21,22,2,6,5,20,8,18,27,11}
i28,2075,1861,109705,40.22,56.43,60.02,{8,20,4,9,16,17,7,13,11,2,3,23,24,15,25,26,12,21,5,6,18,1,22,14,27,19,28,10}
i29,2368,2153,112120,42.41,58.03,60.01,{3,20,17,12,18,23,19,21,13,7,14,27,28,5,24,1,25,2,22,10,16,15,11,29,8,6,26,4,9}
i30,2304,2019,95853,21.02,59.93,60.01,{10,18,9,13,11,19,8,23,4,22,24,25,6,5,3,14,12,27,20,28,2,16,26,7,15,29,17,1,30,21}
