i08,212,212,55,0.00,0.00,0.00,{8,1,4,3,2,7,5,6}
i08b,186,186,197,0.00,0.00,0.00,{1,7,3,5,4,6,2,8}
i09,197,197,37,0.00,0.00,0.00,{5,3,4,6,1,7,2,9,8}
i10,2177,2177,364,0.00,0.00,0.00,{4,8,7,5,3,1,2,10,9,6}
i10b,156,156,1063,0.02,0.02,0.02,{10,7,8,3,9,4,2,5,6,1}
i11,2965,2965,49,0.00,0.00,0.00,{1,4,5,6,8,7,11,2,10,3,9}
i12,3017,3017,151,0.00,0.00,0.00,{12,11,10,9,6,8,7,4,3,2,1,5}
i12b,302,302,6254,0.39,0.43,0.43,{10,12,6,7,9,1,3,11,5,8,4,2}
i13,24978,24978,3673,0.10,0.13,0.13,{13,1,7,6,11,5,3,9,4,10,8,2,12}
i13b,692,692,14725,1.86,1.98,1.98,{13,2,11,4,9,6,7,8,5,10,3,12,1}
i14,458,458,34523,10.95,11.80,11.80,{2,4,7,6,8,11,3,1,13,5,9,10,12,14}
i15,266,263,69937,5.65,58.73,60.00,{6,8,1,9,15,10,5,11,2,12,7,13,4,14,3}
i16,729,729,4422,0.22,0.22,0.22,{4,1,6,2,9,10,11,15,16,8,12,7,3,5,14,13}
i17,856,856,40670,15.14,16.54,16.54,{13,1,4,17,7,14,15,5,8,11,3,16,6,10,9,12,2}
i18,975,975,18396,4.63,4.63,4.63,{5,13,16,3,2,4,14,17,12,11,15,7,9,10,6,8,1,18}
i19,1009,1009,9412,1.31,1.31,1.31,{17,5,4,1,8,7,13,2,6,16,9,18,3,12,19,15,14,10,11}
i20,1202,1069,61424,37.81,57.45,60.01,{13,3,9,10,11,16,19,20,12,17,4,14,8,15,2,1,6,5,7,18}
i21,1106,1056,60934,58.27,56.49,60.00,{19,4,9,15,11,8,7,16,6,2,13,20,21,5,1,3,12,17,10,14,18}
i22,1268,1135,58542,56.31,56.59,60.02,{19,20,18,8,11,12,3,15,1,16,6,10,5,13,14,21,7,22,2,17,9,4}
i23,1324,1212,55287,54.47,58.13,60.00,{22,7,16,11,20,1,21,14,9,23,17,6,15,4,18,8,5,2,3,19,12,10,13}
i24,1180,1113,56152,59.28,55.75,60.00,{22,11,12,2,1,18,24,23,19,15,16,13,7,9,21,10,4,20,6,17,3,8,14,5}
i25,1851,1770,61596,35.14,51.76,60.02,{24,15,16,12,7,18,4,19,3,1,17,6,20,9,14,25,21,2,22,5,10,13,23,11,8}
i26,1564,1501,61190,52.52,55.16,60.00,{19,20,15,6,4,9,25,7,21,17,5,12,16,11,23,13,18,2,26,22,24,14,10,1,8,3}
i27,2096,2003,61423,30.66,55.08,60.03,{13,9,4,18,23,24,3,10,1,14,19,7,16,25,6,26,11,21,22,2,15,5,20,8,17,27,12}
i28,2095,1850,60889,29.60,55.67,60.01,{7,20,4,8,16,17,6,12,10,2,3,23,24,15,25,26,11,21,5,14,18,1,22,13,27,19,28,9}
i29,2382,2144,60739,40.97,57.71,60.02,{7,20,16,12,17,23,18,21,13,9,14,27,28,5,24,1,25,2,22,10,6,15,11,29,8,19,26,4,3}
i30,2341,2007,53250,59.86,54.62,60.02,{13,18,17,12,10,19,11,23,4,22,24,25,6,5,3,14,8,27,20,28,2,16,26,7,15,29,9,1,30,21}
