i08,212,212,55,0.00,0.00,0.00,{8,1,4,3,2,7,5,6}
i08b,186,186,197,0.00,0.00,0.00,{1,7,3,5,4,6,2,8}
i09,197,197,37,0.00,0.00,0.00,{5,3,4,6,1,7,2,9,8}
i10,2177,2177,364,0.00,0.00,0.00,{4,8,7,5,3,1,2,10,9,6}
i10b,156,156,1063,0.01,0.01,0.01,{10,7,8,3,9,4,2,5,6,1}
i11,2965,2965,49,0.00,0.00,0.00,{1,4,5,6,8,7,11,2,10,3,9}
i12,3017,3017,151,0.00,0.00,0.00,{12,11,10,9,6,8,7,4,3,2,1,5}
i12b,302,302,6254,0.14,0.15,0.15,{10,12,6,7,9,1,3,11,5,8,4,2}
i13,24978,24978,3673,0.04,0.05,0.05,{13,1,7,6,11,5,3,9,4,10,8,2,12}
i13b,692,692,14725,0.67,0.72,0.72,{13,2,11,4,9,6,7,8,5,10,3,12,1}
i14,458,458,34523,4.10,4.43,4.43,{2,4,7,6,8,11,3,1,13,5,9,10,12,14}
i15,266,266,84452,1.98,23.66,23.66,{6,8,1,9,15,10,5,11,2,12,7,13,4,14,3}
i16,729,729,4422,0.08,0.08,0.08,{4,1,6,2,9,10,11,15,16,8,12,7,3,5,14,13}
i17,856,856,40670,5.30,5.81,5.81,{13,1,4,17,7,14,15,5,8,11,3,16,6,10,9,12,2}
i18,975,975,18396,1.59,1.59,1.59,{5,13,16,3,2,4,14,17,12,11,15,7,9,10,6,8,1,18}
i19,1009,1009,9412,0.44,0.44,0.44,{17,5,4,1,8,7,13,2,6,16,9,18,3,12,19,15,14,10,11}
