i08,212,212,87,0.00,0.00,0.00,{8,3,2,1,4,7,5,6}
i08b,186,186,219,0.00,0.00,0.00,{1,7,3,5,4,6,2,8}
i09,197,197,37,0.00,0.00,0.00,{5,3,4,6,1,7,2,9,8}
i10,2177,2177,576,0.00,0.00,0.00,{5,8,7,4,3,1,2,10,9,6}
i10b,156,156,1777,0.01,0.01,0.01,{10,7,8,1,9,5,2,4,6,3}
i11,2965,2965,49,0.00,0.00,0.00,{1,4,5,6,8,7,11,2,10,3,9}
i12,3017,3017,230,0.00,0.00,0.00,{12,11,10,9,6,8,7,4,3,2,1,5}
i12b,302,302,11316,0.26,0.29,0.29,{2,10,6,7,11,1,3,9,5,8,4,12}
i13,24619,24619,7047,0.16,0.19,0.19,{13,1,7,3,11,4,5,9,8,10,6,2,12}
i13b,692,692,21728,1.56,1.64,1.64,{13,2,11,4,9,6,7,8,5,10,3,12,1}
i14,458,458,68300,8.97,9.77,9.77,{12,2,6,4,7,13,11,1,9,3,5,8,14,10}
i15,266,266,351720,2.68,74.17,74.17,{6,8,7,9,4,10,3,11,2,12,1,13,15,14,5}
i16,729,729,8743,0.26,0.32,0.32,{5,1,6,2,9,10,14,16,15,7,13,8,3,4,12,11}
i17,834,834,36044,4.27,4.27,4.27,{13,1,9,17,4,15,16,2,10,8,6,14,3,12,11,7,5}
i18,974,974,56343,12.36,12.37,12.37,{5,15,16,3,2,4,14,17,12,11,13,7,9,10,6,8,1,18}
i19,1009,1009,19043,1.89,1.89,1.89,{17,5,4,1,8,7,13,2,6,16,9,18,3,12,19,15,14,10,11}
i20,1162,1087,278651,403.46,587.82,600.01,{14,1,11,12,7,17,19,20,13,10,4,15,8,16,2,3,6,5,9,18}
i21,1089,1089,314271,451.23,525.43,525.43,{15,4,7,16,14,10,11,17,8,2,6,20,21,5,1,3,9,18,13,12,19}
i22,1214,1147,282827,513.08,596.61,600.00,{19,20,10,11,13,14,2,16,1,17,3,9,5,15,7,21,4,22,8,18,12,6}
i23,1310,1223,257276,387.42,556.02,600.04,{14,9,16,22,20,1,21,4,11,23,17,5,15,6,18,8,7,2,3,19,13,10,12}
i24,1171,1118,298154,431.06,572.50,600.00,{22,11,12,2,1,19,24,23,20,16,18,5,13,9,21,10,4,14,6,15,8,7,17,3}
i25,1818,1790,271454,584.40,581.36,600.04,{24,16,17,5,9,18,6,19,2,3,10,8,20,4,15,25,21,1,22,7,11,14,23,13,12}
i26,1525,1525,249950,416.08,416.72,416.72,{19,22,7,10,4,8,25,11,20,12,5,13,14,17,23,18,15,2,26,21,24,16,6,1,9,3}
i27,2065,2020,271034,387.21,599.53,600.01,{13,8,7,9,23,24,3,12,1,15,19,6,16,25,11,26,14,21,22,2,4,5,20,17,18,27,10}
i28,2067,1873,262451,420.63,587.82,600.01,{6,20,7,10,17,18,8,13,12,2,3,23,24,16,25,26,5,21,4,15,9,1,22,14,27,19,28,11}
i29,2333,2164,267930,368.08,566.21,600.05,{6,7,17,12,18,23,19,21,13,9,14,27,28,8,24,1,25,2,22,5,16,15,11,29,10,20,26,4,3}
i30,2304,2019,247390,177.88,594.70,600.02,{10,18,9,13,11,19,8,23,4,22,24,25,7,5,3,14,12,27,20,28,2,16,26,6,15,29,17,1,30,21}
