i08,212,212,87,0.00,0.00,0.00,{8,3,2,1,4,7,5,6}
i08b,186,186,219,0.00,0.00,0.00,{1,7,3,5,4,6,2,8}
i09,197,197,37,0.00,0.00,0.00,{5,3,4,6,1,7,2,9,8}
i10,2177,2177,576,0.00,0.00,0.00,{5,8,7,4,3,1,2,10,9,6}
i10b,156,156,1777,0.01,0.01,0.01,{10,7,8,1,9,5,2,4,6,3}
i11,2965,2965,49,0.00,0.00,0.00,{1,4,5,6,8,7,11,2,10,3,9}
i12,3017,3017,230,0.00,0.00,0.00,{12,11,10,9,6,8,7,4,3,2,1,5}
i12b,302,302,11316,0.26,0.29,0.29,{2,10,6,7,11,1,3,9,5,8,4,12}
i13,24619,24619,7047,0.16,0.19,0.19,{13,1,7,3,11,4,5,9,8,10,6,2,12}
i13b,692,692,21728,1.59,1.68,1.68,{13,2,11,4,9,6,7,8,5,10,3,12,1}
i14,458,458,68300,9.07,9.93,9.93,{12,2,6,4,7,13,11,1,9,3,5,8,14,10}
i15,266,262,267216,2.75,52.36,60.00,{6,8,7,9,4,10,3,11,2,12,1,13,15,14,5}
i16,729,729,8743,0.24,0.30,0.30,{5,1,6,2,9,10,14,16,15,7,13,8,3,4,12,11}
i17,834,834,36044,4.20,4.21,4.21,{13,1,9,17,4,15,16,2,10,8,6,14,3,12,11,7,5}
i18,974,974,56343,12.45,12.46,12.46,{5,15,16,3,2,4,14,17,12,11,13,7,9,10,6,8,1,18}
i19,1009,1009,19043,1.83,1.84,1.84,{17,5,4,1,8,7,13,2,6,16,9,18,3,12,19,15,14,10,11}
i20,1180,1065,100491,58.01,54.71,60.00,{12,1,11,6,7,16,20,10,9,17,4,14,19,15,2,3,8,13,5,18}
i21,1110,1054,98984,35.13,56.82,60.00,{19,4,14,15,12,8,7,16,6,2,13,20,21,5,1,3,11,17,9,10,18}
i22,1264,1128,107689,36.85,59.67,60.01,{19,20,18,10,11,12,2,15,1,16,3,8,4,13,14,21,7,22,6,17,9,5}
i23,1356,1204,91894,34.16,58.65,60.00,{22,9,16,21,19,1,20,4,13,23,17,5,15,6,11,8,7,2,3,18,14,10,12}
i24,1185,1097,95125,38.55,53.89,60.00,{21,15,22,2,1,18,24,23,19,14,16,5,11,9,20,10,4,12,6,17,8,7,13,3}
i25,1842,1773,101734,34.77,56.62,60.01,{24,15,16,5,7,17,6,18,2,3,8,10,19,4,14,25,20,1,21,11,9,13,22,12,23}
i26,1549,1504,102321,57.83,58.39,60.00,{18,19,7,10,4,8,25,11,20,12,5,13,16,21,23,14,17,2,26,22,24,15,6,1,9,3}
i27,2091,2005,101213,10.82,51.71,60.01,{13,9,4,18,23,24,3,10,1,14,19,12,15,25,6,26,11,21,22,2,8,5,20,16,17,27,7}
i28,2081,1855,102648,50.74,58.36,60.00,{8,20,5,9,16,17,14,12,11,2,3,23,24,15,25,26,7,21,4,6,18,1,22,13,27,19,28,10}
i29,2367,2149,103071,45.76,53.84,60.02,{10,20,17,12,18,23,19,21,13,8,14,26,27,6,9,1,24,2,22,4,16,15,11,28,29,5,25,7,3}
i30,2359,2001,92485,23.34,52.65,60.01,{13,18,17,11,10,19,8,23,4,22,24,25,7,5,3,14,12,27,20,28,2,16,26,6,15,29,9,1,30,21}
