i08,212,212,55,0.00,0.00,0.00,{8,1,4,3,2,7,5,6}
i08b,186,186,197,0.00,0.00,0.00,{1,7,3,5,4,6,2,8}
i09,197,197,37,0.00,0.00,0.00,{5,3,4,6,1,7,2,9,8}
i10,2177,2177,364,0.00,0.00,0.00,{4,8,7,5,3,1,2,10,9,6}
i10b,156,156,1063,0.01,0.01,0.01,{10,7,8,3,9,4,2,5,6,1}
i11,2965,2965,49,0.00,0.00,0.00,{1,4,5,6,8,7,11,2,10,3,9}
i12,3017,3017,151,0.00,0.00,0.00,{12,11,10,9,6,8,7,4,3,2,1,5}
i12b,302,302,6254,0.15,0.16,0.16,{10,12,6,7,9,1,3,11,5,8,4,2}
i13,24978,24978,3673,0.03,0.04,0.04,{13,1,7,6,11,5,3,9,4,10,8,2,12}
i13b,692,692,14725,0.67,0.71,0.71,{13,2,11,4,9,6,7,8,5,10,3,12,1}
i14,458,458,34523,4.00,4.32,4.32,{2,4,7,6,8,11,3,1,13,5,9,10,12,14}
i15,266,266,84452,1.90,23.04,23.04,{6,8,1,9,15,10,5,11,2,12,7,13,4,14,3}
i16,729,729,4422,0.08,0.08,0.08,{4,1,6,2,9,10,11,15,16,8,12,7,3,5,14,13}
i17,856,856,40670,5.27,5.78,5.78,{13,1,4,17,7,14,15,5,8,11,3,16,6,10,9,12,2}
i18,975,975,18396,1.58,1.58,1.58,{5,13,16,3,2,4,14,17,12,11,15,7,9,10,6,8,1,18}
i19,1009,1009,9412,0.44,0.44,0.44,{17,5,4,1,8,7,13,2,6,16,9,18,3,12,19,15,14,10,11}
i20,1157,1107,264460,320.35,575.34,600.02,{13,3,7,6,11,17,20,12,9,18,4,15,10,16,2,1,8,14,5,19}
i21,1095,1095,169426,127.01,128.17,128.17,{16,4,7,13,10,15,11,19,6,2,8,20,21,5,1,3,9,18,14,12,17}
i22,1188,1185,273086,536.98,598.59,600.00,{15,21,13,12,14,16,3,18,1,17,6,10,5,8,9,22,7,19,2,20,11,4}
i23,1289,1251,250068,435.96,572.38,600.01,{14,12,18,17,21,1,22,7,9,23,19,6,13,4,16,8,5,2,3,20,15,10,11}
i24,1151,1151,180158,199.49,200.35,200.35,{20,11,12,2,1,15,22,24,23,17,21,13,7,9,19,10,4,14,6,16,3,8,18,5}
i25,1833,1796,253196,514.85,595.06,600.01,{24,16,17,9,7,18,4,19,3,1,8,6,20,12,15,25,21,2,22,5,13,14,23,10,11}
i26,1529,1529,201264,271.85,272.20,272.20,{20,22,8,6,4,9,25,13,19,12,5,11,15,17,23,18,14,2,26,21,24,16,7,1,10,3}
i27,2070,2027,273504,403.56,555.41,600.01,{17,9,4,12,23,24,3,11,1,14,19,7,18,25,8,26,16,21,22,2,6,5,20,10,15,27,13}
i28,2069,1880,264781,478.25,583.72,600.01,{7,20,4,8,17,18,6,13,10,2,3,23,24,16,25,26,12,21,5,15,9,1,22,14,27,19,28,11}
i29,2348,2168,281870,277.26,582.38,600.05,{6,5,17,12,18,23,19,21,13,11,14,27,28,8,24,1,25,2,22,3,16,15,9,29,10,20,26,7,4}
i30,2281,2037,241005,333.97,584.97,600.04,{15,19,9,14,13,20,8,23,4,22,24,25,6,5,3,16,10,27,21,28,2,18,26,7,17,29,12,1,30,11}
