i08,212,212,162,0.00,0.00,0.00,{8,1,2,3,4,7,5,6}
i08b,186,186,448,0.00,0.00,0.00,{1,7,3,5,4,6,2,8}
i09,197,197,47,0.00,0.00,0.00,{5,3,4,6,1,7,2,9,8}
i10,2177,2177,1286,0.00,0.00,0.00,{5,8,7,4,3,1,2,10,9,6}
i10b,156,156,12959,0.01,0.02,0.02,{8,3,4,9,6,2,10,5,7,1}
i11,2965,2965,49,0.00,0.00,0.00,{1,4,5,6,8,7,11,2,10,3,9}
i12,3017,3017,446,0.00,0.00,0.00,{12,11,10,9,6,8,7,4,3,2,1,5}
i12b,302,302,444698,0.21,0.67,0.67,{10,4,6,5,9,3,1,11,7,8,12,2}
i13,24619,24619,107921,0.07,0.20,0.20,{13,1,7,3,11,4,5,9,8,10,6,2,12}
i13b,692,692,1821464,1.31,3.24,3.24,{13,2,11,4,9,6,7,8,5,10,3,12,1}
i14,458,458,20496926,12.53,38.77,38.77,{12,2,8,6,5,3,13,1,11,9,7,10,4,14}
i15,266,259,117111960,0.61,51.41,60.00,{4,8,1,9,6,10,3,11,2,12,5,13,15,14,7}
i16,729,729,137117,0.08,0.25,0.25,{5,1,6,2,9,10,14,16,15,7,13,8,3,4,12,11}
i17,834,834,1841098,3.35,3.49,3.49,{13,1,9,17,4,15,16,2,5,8,3,14,6,12,11,7,10}
i18,974,974,1242170,1.46,1.55,1.55,{5,15,16,3,2,4,14,17,12,11,13,7,9,10,6,8,1,18}
i19,1009,1009,496122,0.35,0.36,0.36,{17,5,4,1,8,7,10,2,6,14,9,18,3,15,19,16,11,12,13}
i20,1149,1095,119948092,46.49,58.42,60.00,{13,1,7,6,9,17,12,20,11,18,4,15,10,16,2,3,8,14,5,19}
i21,1095,1072,86545825,43.42,57.65,60.00,{20,4,7,15,10,12,9,16,8,2,6,21,13,5,1,3,11,18,17,14,19}
i22,1214,1157,108344800,12.18,56.49,60.00,{19,20,10,13,5,14,2,16,1,17,3,9,4,15,6,21,7,22,8,18,12,11}
i23,1310,1220,136742668,51.46,55.26,60.00,{14,4,16,22,20,1,21,9,11,23,17,6,15,5,18,8,7,2,3,19,13,10,12}
i24,1182,1106,137358194,41.28,53.44,60.00,{21,16,22,4,1,14,24,23,19,15,17,13,10,11,20,9,2,12,6,18,3,7,5,8}
i25,1816,1797,84427210,45.20,58.07,60.00,{24,16,17,5,9,18,6,19,2,3,12,8,20,4,15,25,21,1,22,7,11,14,23,13,10}
i26,1530,1517,81337959,56.46,57.63,60.00,{19,20,7,10,4,8,25,11,21,12,5,13,18,16,23,15,14,2,26,22,24,17,6,1,9,3}
i27,2063,2022,123969823,54.37,50.19,60.00,{15,13,6,12,23,24,3,9,1,17,19,7,18,25,10,26,16,21,22,2,4,5,20,8,14,27,11}
i28,2038,1883,135930168,46.29,53.97,60.00,{10,20,4,11,17,18,7,14,13,2,3,23,24,16,25,26,9,21,5,6,8,1,22,15,27,19,28,12}
i29,2322,2176,133601704,26.14,55.42,60.00,{6,7,17,13,18,23,19,21,14,10,15,27,28,8,24,1,25,2,22,4,9,16,12,29,11,20,26,5,3}
i30,2284,2029,140640898,37.66,58.58,60.00,{14,19,18,13,12,20,8,23,4,22,24,25,6,3,5,15,10,27,9,28,2,17,26,7,16,29,11,1,30,21}
