i08,212,212,162,0.00,0.00,0.00,{8,1,2,3,4,7,5,6}
i08b,186,186,448,0.00,0.00,0.00,{1,7,3,5,4,6,2,8}
i09,197,197,47,0.00,0.00,0.00,{5,3,4,6,1,7,2,9,8}
i10,2177,2177,1286,0.00,0.00,0.00,{5,8,7,4,3,1,2,10,9,6}
i10b,156,156,12959,0.01,0.02,0.02,{8,3,4,9,6,2,10,5,7,1}
i11,2965,2965,49,0.00,0.00,0.00,{1,4,5,6,8,7,11,2,10,3,9}
i12,3017,3017,446,0.00,0.00,0.00,{12,11,10,9,6,8,7,4,3,2,1,5}
i12b,302,302,444698,0.22,0.69,0.69,{10,4,6,5,9,3,1,11,7,8,12,2}
i13,24619,24619,107921,0.06,0.21,0.21,{13,1,7,3,11,4,5,9,8,10,6,2,12}
i13b,692,692,1821464,1.38,3.42,3.42,{13,2,11,4,9,6,7,8,5,10,3,12,1}
i14,459,447,10000000,5.77,5.37,6.43,{11,4,9,6,8,3,12,1,10,5,13,7,2,14}
i15,266,254,10000000,0.64,3.15,4.55,{4,8,1,9,6,10,3,11,2,12,5,13,15,14,7}
i16,729,729,137117,0.09,0.27,0.27,{5,1,6,2,9,10,14,16,15,7,13,8,3,4,12,11}
i17,834,834,1841098,3.39,3.53,3.53,{13,1,9,17,4,15,16,2,5,8,3,14,6,12,11,7,10}
i18,974,974,1242170,1.48,1.57,1.57,{5,15,16,3,2,4,14,17,12,11,13,7,9,10,6,8,1,18}
i19,1009,1009,496122,0.36,0.37,0.37,{17,5,4,1,8,7,10,2,6,14,9,18,3,15,19,16,11,12,13}
i20,1179,1071,10000000,3.32,4.35,4.76,{13,1,7,8,9,16,20,10,12,17,4,14,19,15,2,3,6,5,11,18}
i21,1110,1052,10000000,3.45,4.53,4.99,{19,4,14,15,12,8,7,16,6,2,13,20,21,5,1,3,11,17,9,10,18}
i22,1247,1137,10000000,4.36,4.25,4.39,{19,20,18,5,12,14,2,15,1,16,3,10,4,8,9,21,7,22,6,17,11,13}
i23,1359,1198,10000000,1.67,4.03,4.30,{22,4,15,21,19,1,20,9,10,23,16,6,14,5,17,8,7,2,3,18,13,11,12}
i24,1199,1089,10000000,3.32,3.52,4.12,{21,14,22,4,1,17,24,23,18,13,15,12,10,11,20,9,2,19,6,16,3,7,5,8}
i25,1829,1777,10000000,2.72,4.37,4.43,{24,15,16,5,7,18,6,19,2,3,17,8,20,4,14,25,21,1,22,9,11,13,23,12,10}
i26,1549,1504,10000000,3.75,3.91,4.72,{18,19,7,10,4,8,25,11,20,12,5,13,16,21,23,14,17,2,26,22,24,15,6,1,9,3}
i27,2073,2008,10000000,2.37,3.93,4.43,{12,11,4,18,23,24,3,7,1,15,19,9,16,25,6,26,13,21,22,2,8,5,20,10,17,27,14}
i28,2075,1859,10000000,3.54,4.02,4.31,{8,20,4,9,16,17,7,13,11,2,3,23,24,15,25,26,12,21,5,6,18,1,22,14,27,19,28,10}
i29,2352,2156,10000000,3.84,4.07,4.38,{8,20,17,13,18,23,19,21,14,11,15,27,28,6,24,1,25,2,22,4,16,9,12,29,10,5,26,7,3}
i30,2348,2004,10000000,3.94,3.89,4.11,{12,18,16,8,9,19,10,23,4,22,24,25,6,3,5,13,11,27,20,28,2,15,26,7,14,29,17,1,30,21}
