20
   1    2    5
   1    3   10
   1    4    6
   1    5    5
   1    6    1
   1    7    1
   1    8    7
   1    9    6
   1   10   10
   1   11    5
   1   12    6
   1   13    2
   1   14    1
   1   15   10
   1   16    5
   1   17    4
   1   18    7
   1   19    7
   1   20   10
   2    3    5
   2    4    7
   2    5    8
   2    6    7
   2    7    3
   2    8    6
   2    9    3
   2   10    7
   2   11    6
   2   12    2
   2   13   10
   2   14   10
   2   15   10
   2   16    3
   2   17    5
   2   18    5
   2   19    3
   2   20    1
   3    4   10
   3    5    1
   3    6    6
   3    7    2
   3    8    6
   3    9    1
   3   10    6
   3   11    4
   3   12    8
   3   13    1
   3   14   10
   3   15    4
   3   16    3
   3   17    3
   3   18   10
   3   19    6
   3   20    4
   4    5    8
   4    6    9
   4    7    2
   4    8    6
   4    9    4
   4   10    4
   4   11    5
   4   12    2
   4   13    9
   4   14    1
   4   15    1
   4   16    1
   4   17    8
   4   18    1
   4   19   10
   4   20    1
   5    6    2
   5    7    9
   5    8   10
   5    9    8
   5   10    6
   5   11   10
   5   12    1
   5   13    5
   5   14    1
   5   15    9
   5   16    6
   5   17    4
   5   18    4
   5   19    8
   5   20   10
   6    7    3
   6    8    6
   6    9    7
   6   10    1
   6   11    9
   6   12    6
   6   13    4
   6   14    2
   6   15    8
   6   16    8
   6   17    1
   6   18    5
   6   19    8
   6   20   10
   7    8    1
   7    9    4
   7   10   10
   7   11    4
   7   12    9
   7   13    8
   7   14    6
   7   15    9
   7   16    6
   7   17    7
   7   18    4
   7   19    4
   7   20    1
   8    9    9
   8   10    2
   8   11    8
   8   12    8
   8   13    5
   8   14    7
   8   15    7
   8   16    4
   8   17    4
   8   18   10
   8   19    2
   8   20    6
   9   10    8
   9   11    6
   9   12    6
   9   13    2
   9   14    2
   9   15    4
   9   16    9
   9   17    5
   9   18   10
   9   19    1
   9   20    5
  10   11    3
  10   12    3
  10   13    8
  10   14    2
  10   15    1
  10   16    7
  10   17    7
  10   18    3
  10   19    7
  10   20    5
  11   12    3
  11   13    7
  11   14    3
  11   15    6
  11   16    6
  11   17    7
  11   18    6
  11   19    3
  11   20    1
  12   13    3
  12   14    2
  12   15    2
  12   16    7
  12   17    2
  12   18    4
  12   19    2
  12   20    2
  13   14    8
  13   15    5
  13   16    8
  13   17    6
  13   18    5
  13   19    3
  13   20    7
  14   15    1
  14   16    9
  14   17    4
  14   18    4
  14   19    2
  14   20    5
  15   16    1
  15   17    2
  15   18    3
  15   19    1
  15   20    6
  16   17    6
  16   18    7
  16   19    6
  16   20    3
  17   18    4
  17   19    8
  17   20    6
  18   19   10
  18   20    3
  19   20    5
